381
4714
4773
7311
6472
1416
5656
5496
7203
4741
6985
6137
276
5986
2396
7772
2576
5278
7116
6448
4551
5873
3073
2910
6145
5271
6358
7513
6161
5754
5254
6731
6185
1438
986
2085
5157
7894
3202
3685
5669
3882
4854
6097
4162
3068
6466
7468
372
1612
5726
477
1371
224
110
7862
3844
685
3062
2361
4899
3536
4827
6199
7982
7685
249
354
407
5767
7980
2114
7919
2997
7211
1558
4730
6671
5634
2247
368
3870
5204
4925
4756
5495
4292
6298
3104
3852
3565
6705
7665
3609
2795
7302
6636
158
3630
6072
784
6517
4092
5821
2128
7714
4396
1785
6537
6761
1900
3808
3556
3351
5743
1691
6828
5225
223
4666
6673
5849
965
4403
1772
2337
614
1273
6716
3265
3790
4115
4517
698
5443
261
7152
6582
7672
848
6117
2816
7073
5869
6623
3869
1255
4513
40
6199
3260
1658
6015
1208
7204
6189
4673
298
2858
2176
4254
4709
1799
2737
5749
7559
7559
7812
5951
2233
4009
1131
3922
6388
1290
4934
7692
6737
3078
4752
2000
5708
1740
145
6070
131
6025
4531
3685
4052
3968
1651
1642
7752
6085
3073
2137
1202
2773
5960
471
3659
995
7431
620
7956
156
2721
6388
2496
1604
630
3138
1937
1010
7615
5883
6508
7081
2260
4375
6487
7504
3028
3946
2492
1570
295
2979
5332
5582
7063
7888
3097
5909
4444
4182
6510
6856
4496
7027
4365
1823
3751
2738
6275
1962
1304
7147
2801
3719
5371
3778
3265
3091
7929
3460
6038
2159
7011
4939
6818
6919
3708
2260
7935
4543
3028
4967
2041
1712
3223
1010
5407
7542
1946
7509
2012
5435
3466
410
7569
7658
1573
6147
6825
5721
3296
5962
6413
7536
2726
2296
6200
6340
6181
477
5614
3063
6548
7656
1642
4955
3343
737
1184
4374
5109
3175
6244
5852
1690
4804
2265
421
2743
5037
7511
6278
4924
1477
1985
5996
1924
7736
1446
5730
3439
5995
2410
7411
2932
1045
2858
7067
3230
3087
6291
64
5186
5627
6208
4671
1591
4125
3256
3938
1407
3372
6711
4500
2908
3914
7812
1049
473
5053
2933
1273
4560
2261
4194
1498
84
479
4505
5726
835
2837
6261
6317
2588
5287
3662
514
6682
1322
2230
7714
7286
112
4555
5910
7209
6043
2068
5619
4053
6972
6663
1774
4516
5226
887
3080
4843
5558
310
5245
7975
2368
2902
2361
4286
7283
5172
7684
6434
1386
593
2341
3217
623
6782
5023
5651
6402
7016
149
1935
7524
7383
7558
3782
5985
3861
6362
2318
6502
3668
5314
1120
7783
5613
3628
3586
5244
2948
6747
5931
3211
5836
4707
7708
5120
7883
960
6802
5379
7250
407
2934
7196
4317
264
1702
7937
3924
1618
6043
7753
2997
4732
2921
2365
6511
4220
4424
4059
5684
7440
7814
2677
4589
4811
1215
45
3263
4349
5100
5746
585
7577
6844
3010
5785
2069
4801
268
1187
3445
3907
6722
2547
5512
4048
5232
5968
1778
1712
649
3758
2280
2974
6527
6679
5737
3641
1649
5168
928
2379
1554
6637
6836
3682
3870
5129
7221
4294
2683
2976
5998
570
174
4500
2668
5223
7702
4405
4788
2206
1718
1205
1050
1114
648
843
3779
4108
7479
2676
1251
6355
4827
6626
7635
952
675
1218
6740
3991
1260
2767
1863
4841
7643
1966
7483
2443
1346
2628
3438
7924
1701
1261
4342
1772
5233
4263
1182
3627
1852
993
888
1630
11
1347
4930
7477
943
1997
1342
679
7624
4306
4934
1796
7252
1799
2082
4035
4316
7302
3287
4215
131
6037
5797
1233
4128
4962
2197
612
4167
4117
3556
4913
1968
872
400
5522
3276
4262
5133
5994
973
4237
1640
1153
2224
6936
4348
3850
7432
280
6258
16
6528
2252
7190
4622
5794
7107
3613
4459
6408
2703
28
7631
769
2236
7777
7277
5712
231
7440
3356
6002
2982
3629
3
1146
3418
3639
360
7443
7519
800
3183
2770
6372
1142
1811
6983
6711
5223
668
5403
4300
2695
253
5656
7002
6781
7914
5735
2110
3493
5839
4720
5317
1217
949
2984
4417
3557
4865
6558
225
2150
7423
6715
3498
297
5915
1378
5277
4546
5002
1567
6651
2171
383
179
1415
632
4814
6027
5284
3215
2008
4754
3069
1293
123
4235
7930
6914
7223
2941
3645
7204
1987
5347
3214
5803
4327
570
1686
2120
2213
2029
5124
3367
3653
4597
65
4119
5105
2406
3737
4064
5275
2801
928
5075
6011
4289
4638
3723
2159
2904
5845
3198
2047
1926
7630
1380
5097
1142
6766
7541
7981
4540
1408
3858
7078
6746
2986
6838
1368
1880
1024
6044
1130
2660
3050
7192
3063
232
6043
1144
2014
6110
5001
6506
5404
5675
341
3226
5211
1458
4503
5441
7958
6040
7521
5316
6592
4259
4630
3421
6755
1412
883
6396
931
95
3778
6627
5912
1236
7799
6914
6067
4647
3400
7810
6005
1499
6392
4058
2929
6683
5022
4324
7223
7708
2896
5020
2549
2658
51
489
4093
315
4054
3346
1262
5169
864
3839
787
4874
1647
5378
7737
1574
778
7295
7820
897
2555
4548
3380
3254
390
2515
6748
6159
7416
4297
5236
5645
5269
459
3505
4365
3691
5838
2511
4051
6930
457
7606
3480
4752
289
7219
3949
809
7914
1849
7830
6471
7975
1125
568
6384
6557
3627
7759
6521
3567
4487
2988
1339
3610
7290
6257
5764
7197
1624
845
2121
5279
1056
3156
5284
4778
2789
2762
2569
5679
3099
7249
4348
1880
1702
2520
2846
6855
4302
6374
7626
1975
3858
1929
553
4253
4692
4826
2193
5754
5485
5510
7578
1361
3656
6882
2402
884
3674
954
276
4736
4604
2066
2607
2106
1195
3490
83
4082
2977
7030
6187
6687
7977
5730
5980
4131
2344
624
1869
1424
4615
4009
2926
1879
2652
4960
1103
3462
5234
2673
4856
2349
5615
2289
2155
6773
7975
1452
7990
3179
6535
4452
7509
5635
7022
6937
7376
7826
6994
1998
4128
3567
75
5876
1207
6785
3336
2548
1821
1307
4768
7847
1208
2746
7427
1913
469
599
5107
1957
7308
296
4217
1917
1811
2
7927
3321
4176
3518
4990
671
934
6906
2201
623
3682
3243
4767
3726
3211
5253
5061
2568
1961
5020
2861
5304
659
3993
1368
5742
7774
7350
5617
5721
1862
6154
41
989
6412
2337
2473
4180
7600
4702
5957
6186
599
4200
1276
639
4801
6321
4549
5423
6937
3429
6690
5879
4245
4725
1827
6762
1992
7707
4663
4796
2264
1355
748
641
2582
285
3585
5572
5941
6619
4962
97
2505
5970
7170
2736
1346
6636
1448
1878
2259
1694
824
32
6166
1021
3727
5981
4923
86
3728
7410
2485
2214
4187
7585
4202
7487
488
5968
6538
1684
5451
3063
3510
4240
1916
7071
4482
2221
591
1258
5322
4743
761
5223
5201
7843
2155
7530
2567
2196
2643
6814
1155
6303
3611
2528
1817
7349
1721
5241
1735
713
7841
2079
5175
2243
450
2161
1217
4511
5946
4832
1144
1799
2849
6684
4333
520
890
4886
2399
5646
290
4845
5113
3766
317
3741
7758
6887
10
2912
6214
1435
495
7970
7432
2595
3954
311
6000
6058
3012
5813
6021
394
2421
7019
4445
2665
7242
3808
560
3248
4202
6234
4218
4912
4679
5513
3183
7319
5813
6561
1719
6440
1168
7954
3889
5075
1409
7551
4067
4832
6153
2456
6408
3885
4224
2574
438
7931
1908
6699
1343
6532
7009
6050
1114
3779
2502
1528
3438
7564
7048
880
4226
3141
795
3805
4923
6237
5873
1303
3895
1672
2972
4325
5493
760
2914
7219
3832
1860
7378
7331
1861
1897
6592
7205
6798
3568
5426
1671
768
7067
1193
1699
7893
1657
2627
5914
6066
3149
5162
2989
4690
526
1377
4893
1394
479
1485
3114
5800
1160
4235
800
3815
1796
5170
7783
1142
4015
3614
1414
2585
6638
6224
5893
2349
6648
6299
3496
5597
2251
1377
2082
1136
5745
6555
4797
2645
1269
1506
7003
5047
5629
7962
1306
5086
1672
1699
5516
1942
7717
7959
4185
7352
5959
5555
6626
5979
664
6052
7153
4043
2400
6540
4613
345
6170
2315
3697
468
3528
224
4623
3567
5714
3674
184
4968
5979
1355
6696
145
5043
640
392
2914
3152
7471
3415
5451
4482
557
6890
4580
1673
5007
1056
126
5197
4223
3634
7151
5676
2466
98
5967
1026
3160
1206
7784
2435
6554
5737
95
2900
3825
6995
1617
2148
6741
6567
5202
3712
6045
4867
4707
4307
814
3286
481
2502
6534
3800
5899
7038
3250
5603
3282
3834
6230
7861
5399
3757
940
1671
1455
337
4298
2655
1944
3706
707
4073
1414
6002
3341
1914
2995
2547
7677
4514
4604
7100
3693
7852
3036
43
3259
6700
5696
4172
2242
4985
5609
5724
5885
6311
4520
1010
2162
6152
2874
742
4683
3357
5611
7676
1221
751
2963
2946
6274
3644
1632
7807
1081
2931
3098
860
463
5176
2044
1758
3883
5946
923
6583
764
2910
5358
313
2087
3141
2643
2217
2263
6371
3515
813
3225
4073
669
239
682
5344
7031
7109
1467
2258
6460
5145
7554
2938
6303
5220
4177
4888
5947
7052
6292
5795
1379
1675
7203
2260
2507
306
2997
5755
6739
4342
3396
3852
7117
1445
5196
1651
109
3921
5052
7740
6140
6838
6217
182
5505
1055
2955
1754
4076
5795
1514
6380
7676
5458
7008
4824
4841
2216
7366
2913
5604
4028
3055
7081
7243
2666
1862
2936
7841
6378
7975
6875
3893
1109
6183
7490
4596
2106
6354
4961
2338
7480
2379
6233
7560
3044
3785
235
7248
5683
331
7099
5157
5254
2949
7480
6518
1799
7792
2109
5651
931
4997
2351
4206
188
3249
4
5310
30
7655
7225
2974
2512
1091
698
404
6784
4987
1796
1776
6659
1852
6481
3106
668
4922
174
3578
4969
2610
5435
3611
4523
4888
2714
1100
2536
461
1059
5014
7918
3961
6327
3926
7528
3485
568
7426
6939
1300
6773
6916
7550
2114
3544
3421
1336
568
2257
4953
1288
2253
5133
3572
2117
241
3843
1702
439
7477
6944
924
5799
5006
7565
5234
7409
7578
1189
7346
7551
3737
3743
5186
7173
3549
853
2395
5539
15
4070
105
3696
2135
4683
862
937
3223
7972
7380
770
1754
4447
6389
4625
6857
3212
4191
5882
450
2156
3302
6255
7107
7125
1228
4977
6751
1396
5800
6164
3016
403
4649
3613
3529
3686
627
6317
3827
3671
2814
3781
5700
4629
2498
1199
5313
766
3158
4462
2237
6170
7474
5450
2129
7073
1494
2443
2832
520
678
4726
5254
1863
2548
7656
276
7990
4929
7145
4857
2013
7519
6637
4775
5463
2597
3250
4780
603
4205
5914
7398
3530
7866
3722
1338
3033
3888
154
5038
2161
2297
7322
4437
3819
4169
3285
1564
1536
5587
7425
4449
4302
7160
3076
1436
3218
4515
120
2148
4508
5502
1701
2771
1932
4858
6783
7684
4861
5157
652
3201
4997
1709
5539
37
3246
2841
3182
4864
1451
4508
2375
6637
7730
2420
2455
3037
6432
1720
6356
2788
7380
5254
7427
466
7092
16
7039
5881
2848
6410
6646
7375
4798
31
4430
1116
3359
5167
3638
4373
6324
4883
4717
1819
7139
6264
6982
5065
6933
3818
3293
2015
6545
7642
7336
3025
313
6419
7669
2144
5285
6825
4631
5545
2911
565
455
1360
792
1688
6464
5574
5410
5825
211
3963
4527
2436
6719
5191
6255
7285
5335
2048
7949
3004
6952
281
619
1814
7437
6871
6121
5098
2424
5414
1542
7694
3926
1115
6889
397
4711
3310
2070
4076
84
2715
3161
1604
1877
3825
3814
7473
1320
2934
4328
5664
238
5731
4018
1136
3191
7833
4613
5719
1037
3901
4496
4286
1088
4203
7247
1581
1463
2447
6800
4845
1552
2180
5614
3149
4861
3977
892
3563
3065
5357
3604
3166
6743
6538
2466
4493
3256
3217
4647
5860
510
6937
3959
3400
4105
7666
6233
3449
3233
6578
7440
2293
7971
6957
4166
5639
2801
3884
2640
2316
7732
7702
5757
149
3660
5159
87
3164
3748
6430
443
6422
1961
4534
4822
6215
7099
5455
4635
7509
4484
6476
3158
5499
2150
2820
390
5036
2354
3124
5012
89
6356
6858
4966
5399
4800
5469
5543
1061
6006
6860
4801
362
3186
4894
7272
2438
1553
5316
4971
2904
2506
7860
2544
698
6588
6624
7600
1653
3187
5297
3601
931
3789
3300
960
7497
1563
6933
5516
2225
3408
7908
4530
1864
7439
600
2230
1900
5404
7413
5965
1024
3761
2648
4851
7461
5241
5235
7948
145
2721
2429
4193
228
5796
2473
2351
7089
4906
7500
7122
1852
1127
554
3161
6163
4187
377
6871
2317
2706
4212
4308
3543
3411
5093
3884
4280
5183
6244
7930
4110
2124
3127
3709
565
6983
3652
2346
929
7183
5710
4248
5247
6878
4422
6541
6015
5562
2328
77
507
5560
5500
7364
3540
6320
7512
2111
4000
2299
7842
463
7411
6484
5088
3514
6990
2876
3450
7095
1795
2227
5730
7070
6399
1060
3709
73
3965
4972
4120
7454
311
4808
7945
1109
1588
527
3829
7250
6869
6646
5458
3734
1631
2260
3652
6272
4972
4181
6404
2943
4278
2979
4397
4268
1436
7332
2525
4805
6704
4654
906
173
2092
6239
3300
2085
1319
6876
406
6039
4337
3372
285
6636
1856
6911
2606
7088
5867
3322
301
4883
3405
1464
3249
1946
940
4792
4579
6790
1592
7226
5928
4651
1021
5987
1555
1340
611
5066
4912
6362
2760
6645
4347
7670
1095
3384
7274
1284
6596
2193
2755
590
185
7420
232
2400
6864
4897
6135
5855
4634
362
5278
7035
3601
550
4219
632
5186
2454
4767
4421
6244
3221
5919
3981
4753
426
2707
295
4551
7830
7405
457
4839
5505
3103
3057
6772
1793
483
2875
5336
4210
7167
6045
2052
1864
4331
5718
2235
4449
4363
2188
5903
1245
7058
4792
1154
1721
4523
5628
2162
7815
6931
7729
7398
2281
5677
3690
1629
4488
5773
5525
5863
3138
5775
5832
2577
224
3556
7023
2335
4233
5525
6638
4425
1446
5964
4561
4739
6522
91
1421
4700
7565
3842
7173
5986
2002
2678
3838
6652
5164
3357
7093
1222
1804
4238
6898
2185
3467
3423
7284
235
7686
6259
5132
5688
6623
308
4735
1838
2375
7383
7018
105
3656
4434
995
35
3907
5720
7565
7168
4978
6750
223
1704
755
1332
1232
2799
6414
2427
2189
7393
1437
2938
1405
2571
6832
7261
1952
7549
1744
4371
6259
926
6128
6011
4184
1873
244
6645
4172
5801
1263
3360
6384
6690
1451
6864
884
7947
6354
5544
742
6456
2343
7833
3588
4995
5188
4648
4675
5898
5393
1240
494
5363
2861
7488
7471
5755
893
4680
5944
1956
1568
3633
6204
4742
252
3756
5514
5603
2094
4255
5542
44
5851
5262
7668
5233
5953
5530
603
4024
4110
998
7605
3574
166
4818
7629
5956
5726
5363
4024
3470
6152
4831
1776
6128
6097
4508
1751
2084
1570
3264
7920
2569
522
3241
7763
1572
5673
7479
3788
2270
3428
4822
1045
3319
3208
4871
3622
2209
3867
1772
7328
7104
6738
7011
7372
5161
6520
4693
6467
977
5435
907
1465
1279
2497
816
6524
1542
4308
4099
1922
426
6334
5935
2661
7698
5727
3028
6014
1500
5010
7625
4499
2701
4201
5817
2496
4578
2393
7768
1589
516
5215
2262
5544
1317
6023
561
6437
446
7962
7241
5906
5143
594
7026
836
4648
2293
4161
1754
7326
4943
1038
1006
1721
6841
4476
488
6447
1667
372
2277
7832
4192
63
6175
7983
718
3482
3852
731
1177
3645
831
6133
1962
6007
7996
128
5141
4040
2811
5576
628
2767
6645
4218
898
3137
3159
2361
5506
7930
765
4780
7601
3343
2545
4617
4138
2027
1399
1629
822
1081
26
7347
7125
3808
5543
5434
6351
6518
2796
7799
291
401
1322
4733
7028
5830
2348
299
5048
2392
5174
4698
3288
6755
7652
193
6508
7183
2544
668
5669
7093
4180
6789
1825
5105
688
5203
561
373
5780
2282
6811
4690
980
805
3394
876
3509
5802
881
4217
7277
3291
6952
877
5812
6028
3112
5079
4160
5681
2315
3055
4453
1962
7037
4135
6821
3948
5394
3335
203
1263
7849
6482
613
4288
5225
4061
140
7871
7188
326
1809
4199
1164
4428
3483
7827
5142
470
3052
5565
6773
6669
4486
3327
186
7990
2874
3361
6696
721
986
3167
2035
259
1111
7875
6955
6874
3111
982
6291
7064
1660
4080
1637
2614
1071
7330
4999
2515
3287
5298
4865
5965
2030
5126
5732
3103
5133
5745
177
2642
1919
3981
484
6324
2898
2472
1188
6474
1307
6200
1482
4843
6580
782
3042
2693
2894
247
2427
2531
1259
7076
7145
7529
796
3760
7900
6221
7210
662
1704
5436
2016
2278
525
3884
4359
4159
1178
4263
887
1930
3450
7353
1667
7730
6622
7465
951
2973
313
7757
5937
1088
6991
7700
7104
4919
5906
2161
1651
1870
7872
3374
2244
936
6758
6568
1583
6027
2983
4878
7517
1006
573
7627
6424
7394
4884
1552
6512
5328
3486
820
7205
6896
4785
4947
4514
3254
5100
1047
1563
1714
7971
7843
6447
1248
5904
3250
2722
1691
2782
6778
2122
4060
1333
5201
3050
2010
3732
7582
4481
1527
1609
4930
4599
323
5500
642
4154
2111
6524
3581
2772
6810
5143
7863
6796
5758
5342
296
6814
1061
6216
3980
6189
5646
5962
1754
6980
986
4518
783
7497
5077
5248
2912
3798
5574
5531
7755
3677
6883
2622
4084
4633
4099
3595
3790
1324
3873
2478
2598
3192
7843
1441
229
2834
4983
781
2724
3999
4522
45
753
7935
3828
2228
7278
3653
3261
445
5407
2930
5041
653
5836
530
6212
1142
5227
181
516
2702
4202
1447
1439
4874
3018
1330
2632
4255
4218
7722
4132
6228
7456
6198
7101
2949
4003
1754
1990
3202
902
813
2115
433
4073
5126
2294
5522
3072
6827
6283
919
3228
5457
4454
701
945
2248
2054
5984
4786
6765
7705
3595
5198
784
5932
6588
2460
6635
6683
1213
2904
3770
6831
1957
3831
4683
1120
4119
3314
6826
6300
4341
4593
1922
1826
3182
7481
4414
2250
3889
6647
3207
367
6792
7118
4170
183
1835
5465
6262
4927
3339
4856
859
3585
917
2824
6039
2345
1678
2848
1382
3819
7711
2913
6147
5862
3106
3183
3995
1816
2932
5375
4384
2493
3727
6233
4158
6628
7672
2235
2062
5085
5389
5583
5833
398
3617
7317
7730
4233
5271
2620
1840
968
5734
1328
392
1468
4159
2791
1655
5579
195
5456
2993
4799
1245
6594
3884
7614
137
504
5974
5600
5153
3426
3726
7708
1166
6782
6017
3017
100
5186
6872
409
3599
6845
2824
6074
7193
6774
4085
7363
7730
5605
4268
1742
466
4897
5076
1172
4571
1855
4389
6556
579
868
5666
364
487
2937
1059
6193
2315
7065
6736
6107
6399
5877
1991
5882
7138
2325
5343
2294
4034
6015
3163
2944
6377
4704
274
4519
6904
5419
5262
1471
3938
5823
2596
4539
1051
2922
3035
3948
1757
5050
6079
5916
3523
4757
435
6371
4473
3478
7836
7667
669
2288
1547
5884
6785
740
5980
4315
6716
362
4734
98
2190
5742
3235
6994
4202
869
4170
7461
1620
3649
3620
4888
6380
6102
1122
1216
7489
3424
6918
702
7884
77
4256
2777
855
21
7353
6969
3411
1301
3970
5979
7105
1529
7638
7405
6519
4833
7037
4874
4388
6424
106
5143
5545
7855
1826
5379
6773
2375
334
6564
2159
5607
5947
637
755
3819
945
6554
4813
2221
5114
2374
2516
7157
171
7751
3588
6310
2548
2252
226
5204
6862
7022
3741
732
432
119
7897
2657
1461
4929
554
161
3079
6668
6948
7185
6125
714
4184
1059
4509
2357
3981
6878
364
4944
7266
1675
4829
4894
2873
6872
3052
4688
3197
3721
2601
4877
881
2836
6094
2315
6164
2034
502
7908
1174
366
6210
1611
5197
7146
1985
3391
1663
4036
3748
5242
5513
3868
7642
2937
2584
302
5735
4855
7572
4494
367
1497
5318
3606
552
5964
2380
7693
629
1
7932
2654
6645
4439
1709
2589
2971
182
793
7648
2134
1112
2147
216
6905
3939
7308
2775
7696
4230
4800
7846
5593
2203
7462
527
842
1740
5999
3928
2392
6925
4666
6612
6699
4007
5654
6086
6167
1675
3386
4067
7352
2373
7019
4999
6417
5742
262
4229
225
3031
586
4719
6405
345
4187
1113
362
2138
7183
70
3689
1947
4705
2846
7275
889
6957
839
6790
7952
966
7065
4006
3269
971
77
1740
7221
5368
742
3944
2589
1608
4521
4988
469
7386
3944
6904
63
7588
737
524
3616
7733
170
7047
2687
4814
2937
2892
7300
1474
2803
73
5558
1844
1152
6744
7673
7055
7358
6342
5488
1503
2336
4047
6400
5409
7008
4768
831
4028
7301
2642
7058
2168
6923
4038
6292
3658
5648
5971
879
313
6770
6752
1354
6216
797
5893
3248
2273
7
6077
6920
128
4863
1361
5841
3234
6075
4653
2351
7287
6840
6471
3857
6543
3012
2261
2018
1967
6371
2575
7640
5527
1482
4037
1326
6916
2649
6158
5229
6398
2879
7026
4013
1654
1427
3894
5223
5853
2613
1345
5746
6619
1274
5014
1778
18
1429
4030
81
5365
4821
5875
3245
5539
2396
573
2195
5749
4849
5647
567
2555
4441
2008
3343
4463
4846
4337
417
7656
3197
2963
7184
7377
2784
208
3293
7869
7409
2097
5727
6507
7398
2654
5895
5021
5125
1660
2910
3999
7541
1031
3450
4635
6783
2426
4855
3712
6083
5146
2715
2738
7376
2231
871
7677
1385
2479
3949
44
5669
3081
4178
2310
1874
616
6487
7320
2513
829
583
1739
3343
3466
7581
2737
6524
1783
1149
7765
3507
6641
7418
5466
3636
7180
5699
2290
5437
6976
7849
2173
1968
5392
3270
4478
3599
5573
4447
82
5227
4357
4389
7778
4661
4650
860
559
2554
2588
3244
6432
5378
182
6879
3283
2826
4653
6134
6937
5446
2988
2372
7523
1513
933
806
6715
4968
5444
5309
7510
7490
3830
5354
1177
2411
6489
5
2892
1582
4263
2603
6968
6414
1219
6724
7056
2275
5193
6456
6051
753
5000
4154
7988
2003
1128
5434
4083
627
24
3010
3246
7137
7944
6874
1603
7843
5973
412
5395
989
3401
6957
5293
3873
2178
909
8000
2237
2761
1034
3392
5596
7947
5756
1419
5741
1554
7774
3651
807
960
1517
1188
7224
1069
2208
2661
1244
5639
5603
7972
2778
3787
4308
5588
3777
5535
3646
6862
963
3685
509
5210
934
1500
2417
2124
117
3365
3479
1926
4041
6709
1803
4831
4827
4357
5386
6144
6211
6073
3784
3652
6597
1314
2426
6476
7701
5273
2877
98
6650
2013
7752
3887
3719
4836
330
4396
2145
1471
3761
3493
3998
1467
252
7555
5981
7529
4846
970
3019
3691
4381
2004
3730
7668
2780
3174
4912
941
6748
649
1757
4488
3167
7994
11
4378
2120
5270
5315
6878
7918
2996
7830
5667
6175
2675
4435
1525
733
437
2138
430
7307
4600
1266
4583
4157
5478
213
2020
2074
481
5768
1133
5196
5572
1810
5401
2416
3818
3689
8
3889
2868
4789
2288
4166
3192
7188
819
6927
289
4567
4436
2650
2461
7662
4794
99
5320
5573
4723
5376
548
7219
5380
4396
5395
2148
3874
5254
7895
4601
483
4736
7003
7341
3264
5748
1231
7926
7879
7521
2380
1968
2061
6576
5703
862
3622
3381
5268
811
307
6473
702
6913
4667
5212
3357
2343
843
4227
6542
4191
3503
1577
6633
1036
7469
4375
3322
3985
4258
7662
6478
7743
6905
2776
6734
2509
896
2092
983
2159
7254
4183
6546
6190
4755
1197
2682
3052
3912
7976
2570
3264
3575
1081
3518
7381
5811
4738
2118
5368
5460
1355
6137
6194
117
4902
4426
2871
2292
3481
6566
6330
3385
6781
2584
5201
3173
5173
2025
5140
1573
3285
5867
7059
2498
6029
1041
4076
1017
7782
10
5041
501
7516
7134
6473
3446
1172
6419
5387
5713
3738
4717
4293
6468
3173
1660
1533
1736
7865
3565
5470
2219
6780
342
3331
5684
1185
6664
2113
997
5245
7321
2244
3366
3643
803
7248
5333
3302
2426
998
3829
2770
3156
396
5906
4867
5043
5141
1076
6420
2080
7262
5146
3601
3992
1760
6846
2424
5773
5845
474
2081
4528
3179
6454
3353
1047
4779
4442
7948
52
4890
4917
3126
1781
2375
4362
7769
5621
1670
7079
7788
7140
3953
1590
5648
5107
5447
237
4628
5906
6330
3006
6620
2410
5694
2928
7777
7482
5372
4982
243
4335
1984
3182
5188
3730
1378
2274
3616
6213
243
7163
5696
7067
679
6798
3915
2023
4295
1787
204
5653
4782
4368
4808
6479
3505
4268
639
6542
822
1937
3318
4676
1256
118
2692
2644
1210
2028
2855
6461
7341
2717
2832
3177
3941
5333
938
4330
3369
3257
6071
2486
3519
6405
382
2228
4300
5642
7663
3617
5984
1488
6978
68
4678
7897
5252
766
1810
7943
270
6369
3281
7234
794
5858
734
5305
6317
5447
7186
3985
6497
2896
7742
4316
2207
6593
7207
723
224
3679
749
7707
4844
7595
5806
4693
7758
599
3036
5592
7686
5437
1018
7677
3827
4231
7110
3603
5226
5955
683
812
2448
3257
2754
6302
5343
6693
7430
2913
4965
3218
699
385
6264
5067
2374
338
6429
3110
719
7659
5900
230
2096
5388
2533
3459
7269
4447
2010
4978
2448
1157
2250
214
2661
2888
2660
610
728
4314
7956
6939
3222
109
7266
5516
306
443
2615
2213
2916
5823
7727
7559
200
3036
7930
2005
5534
7968
3116
5472
6612
5540
1657
7235
433
3231
1596
5702
2972
553
4433
1338
3056
5765
4116
2671
7280
4928
5043
3194
7269
2026
2030
5381
2145
1517
6662
2093
1797
2760
2360
1670
7987
2036
3589
7013
2384
3364
1821
7620
6591
3025
270
2274
1545
1302
706
3562
0
3077
1558
3192
2522
1156
6190
74
7649
5339
6454
227
5256
1106
1307
584
7367
7615
5089
1918
6128
4187
272
6272
6731
393
7768
3836
7871
1172
2021
944
1695
1943
6513
5128
2713
3937
869
4682
3848
5565
7109
2612
7117
7110
6038
5138
6498
6626
4322
6176
2629
5898
1541
3994
3116
895
5209
1974
3966
7105
3884
7620
5407
3590
5979
3835
391
6667
7003
7845
1219
4501
470
3949
652
4581
6356
5299
949
563
310
2484
3258
3027
5779
2572
2966
7383
4719
3097
3083
142
468
5104
3102
3461
3255
5911
386
2222
4291
4884
1803
4068
6047
6813
3283
3170
5134
2805
3035
4613
6245
2901
2165
5226
6103
959
3297
6301
5773
6264
4331
3220
1889
7659
7061
7485
5566
3132
4677
6599
7172
2837
7591
4231
147
4079
3604
1893
7002
5008
741
6438
5927
2292
1953
7454
4116
759
4878
1410
6905
7003
6911
7609
5416
4038
2416
4491
1957
3531
2224
4204
2034
3172
1776
178
3071
5756
7048
4015
2702
2759
1894
1956
455
4754
3198
4271
553
1184
6528
903
2182
1971
1991
100
1970
3593
1958
3045
5385
508
5613
2533
1594
31
1684
5314
2366
6740
884
3601
3882
921
864
1875
4354
2580
3128
1389
892
5882
3002
5797
6114
1002
2533
4261
7637
6291
3438
3732
5649
5344
3202
2771
941
2916
1336
5866
2788
5496
7866
6324
2672
7694
6796
2123
3630
4599
3190
5879
4792
4859
3309
7422
3530
1674
6125
3504
735
2308
3640
794
3445
5498
2121
5243
6010
1256
2356
6443
7203
5453
3679
1980
573
2319
299
7016
7362
5920
4193
5251
4250
7701
4481
2253
6472
5676
5828
5112
1931
1649
1957
6518
5726
6589
7805
2010
100
3395
670
6675
4502
4662
2448
6189
2242
6254
653
4792
5318
1390
2412
1651
1499
5865
6508
4543
3410
5315
7139
4688
4899
7366
4220
2180
6054
3178
1239
613
2161
7163
4661
257
1605
3365
2442
1974
4451
5675
2821
3104
479
496
678
7401
521
2864
7635
7202
4263
4762
5528
2542
3372
4401
7222
680
5605
6159
1327
5216
75
3086
5495
3228
2151
5077
3833
6611
3670
6475
3978
7341
7700
7547
7276
3450
6694
2245
6003
5073
1840
6138
4255
3170
6901
4775
7702
6250
4915
2501
3226
2289
4908
7062
1445
5690
3848
6550
3105
5489
5704
5703
3880
3426
5991
7994
366
4639
1325
6784
1793
7008
5111
6531
6799
2031
744
5873
7015
1712
380
5395
6226
851
5027
7177
6168
5563
4387
6611
2172
2421
4676
753
7648
7930
5624
3319
604
635
1664
2575
6527
1246
2532
1067
46
716
4712
5456
6015
1738
7171
5508
5720
3957
5231
4916
4662
3889
3059
5434
344
3023
3214
7349
625
5737
7883
1945
4890
6361
6005
3755
2982
3959
5687
6312
3217
7679
5194
6862
6808
3325
2346
3325
5083
3534
2458
7159
7526
4490
662
7369
3661
6055
7433
3005
1807
5220
5775
4172
1358
1977
7264
7863
4855
1776
4282
7309
6304
5152
1782
3142
6499
2091
2647
5650
5640
7907
4537
5799
2683
1103
2774
2197
7851
3861
3551
6208
2145
4427
2932
3181
7126
2522
6044
6542
4962
2923
452
5867
4230
7137
6739
3026
4642
3082
2265
5247
7966
1157
1633
6086
2268
6207
867
5156
4066
993
1448
4068
2133
435
2301
7447
51
3283
2520
3897
6498
4432
3351
6760
356
6005
2098
5062
4987
1978
4025
5323
6048
606
6356
42
1956
3270
2638
2625
6396
110
485
874
55
3078
7094
561
5812
5368
6343
5223
3652
449
7339
6221
6968
3860
7894
4124
4738
1503
1872
7850
4316
5882
2610
1475
1051
933
6030
6381
7581
757
1226
765
5757
3971
5060
1682
1264
195
3457
5561
6949
7878
5808
6280
959
1209
7761
716
3123
3347
6033
2090
2398
7164
4306
3532
6184
2460
2623
3398
1446
508
7118
2387
2791
4890
2479
1416
1949
6092
5626
3169
2850
711
7419
4605
3248
1621
7109
1966
5704
3830
7693
2949
7850
3849
1991
6524
7134
6975
4781
2448
4728
1204
3904
5012
4956
6130
1848
890
5585
6709
3290
5207
2966
4552
6321
2463
3656
6360
7151
6612
3621
7581
5018
1898
6825
5609
2341
4783
443
5318
3363
7161
366
3393
3512
4300
4629
7257
4352
4917
238
4433
1522
4867
7756
4980
3660
4763
5487
3864
3612
2593
3623
5559
6353
1084
4357
7367
2275
7774
5727
2523
6514
6940
7318
4309
3648
5640
7684
7127
5449
5064
7417
358
508
453
2557
6034
7751
5240
3882
315
6637
1469
555
363
323
3175
7002
4168
2753
6542
3722
4330
7669
528
2661
687
1346
6816
3679
5664
5605
3620
670
3164
7483
7932
5862
5
6688
2760
1073
525
4868
7888
7927
1691
4180
3057
2207
6366
4205
1791
6356
4102
1329
7210
3411
165
6431
1065
1990
5272
7161
4007
7853
1350
7586
1511
1927
2564
4169
1727
4399
7257
2623
6770
3903
7375
6422
5396
2876
48
2657
1768
3436
2289
5070
1118
2834
2647
7358
3297
117
6442
5659
335
2052
6577
5442
5339
1893
2147
460
7573
2120
1810
6428
684
1205
6972
3799
3072
7938
4855
5309
219
4811
2109
6125
6417
3101
4391
1080
5640
1633
989
7291
3304
5702
485
5543
7940
3231
3784
3540
3707
2007
7547
3744
1579
2787
3408
455
1618
7509
7612
3843
1110
4397
7542
7343
5737
3723
236
5649
1162
6991
4787
5347
3310
4010
5871
1596
3914
4084
6621
5052
5768
2807
5130
5128
6558
1643
2301
4596
2077
3738
7800
5488
4953
2993
6932
66
7394
5445
6666
2974
5472
7085
1566
5252
2601
601
5527
4814
1248
316
3938
7280
2253
1438
7125
2073
2553
2922
4896
7433
3891
7378
4642
1883
6297
5589
4647
16
3519
1195
6783
4739
4385
3001
1879
6269
3632
6316
109
1395
2199
1673
5576
4606
1826
3065
99
4134
1970
91
6770
6894
4626
6127
4963
1319
7809
3367
7945
7346
1717
4901
5996
3403
3990
3556
262
211
5872
5393
2959
1115
5878
4775
6661
1147
1554
3864
7663
5571
4014
6371
5568
4607
4903
4277
6170
285
1027
7224
5702
3701
4099
7697
5766
6575
2111
6128
3069
1917
6635
6321
269
1360
233
680
2745
3737
6517
5373
2165
723
1595
5533
4117
6405
5703
6897
7894
6462
5347
3023
2676
3982
459
3626
7349
7991
391
7206
3571
385
5304
309
1896
5377
1126
7244
6292
1255
3764
4601
7301
4352
4016
5216
6417
1039
5487
7727
7189
4701
6627
2095
7166
1604
4897
7103
3345
781
6532
5676
1067
1872
3047
5850
6141
2203
4343
363
6634
4259
65
7911
5877
4081
6421
5591
6988
1493
3676
7541
4236
4324
2125
7496
6372
5904
3492
3250
627
3225
1760
4982
3290
7787
3039
4006
3516
1954
5551
5476
1953
5264
3379
1037
3499
1162
3108
7329
1400
5719
7628
5779
979
2607
3852
113
6058
7861
1227
5453
546
3035
7952
133
6986
297
4074
6867
6574
7055
6476
1477
3531
2230
6112
653
1780
1495
1996
876
3819
6276
1149
6280
6879
5703
2940
2314
1295
7675
3041
6107
2866
5204
1520
103
2286
7665
3494
1421
4883
3879
6107
7244
2469
4979
1346
2584
5436
828
7315
7770
2187
3357
4361
7642
7096
1867
2504
7884
1887
2645
7047
3643
6368
6209
5002
2591
5236
614
1068
2144
258
2426
584
1434
6003
4988
4808
3793
6464
7537
7368
4022
1520
551
2829
5540
5984
6718
5153
1417
2641
5678
532
3308
5910
4308
2464
609
262
4575
5458
4994
2920
5105
4994
2865
1128
6622
6705
1324
154
1493
1116
403
1000
4690
3949
2426
1572
5328
7210
7318
4902
1325
6909
4663
5865
5784
5861
3574
216
1866
1969
4695
6763
6570
7310
6540
6728
6252
7627
1476
3041
7619
3738
6793
2160
4596
4609
6168
5259
480
3360
434
2894
2810
6608
7875
337
5768
3977
529
492
73
1965
3553
7925
4754
4023
6017
6426
7683
2247
299
4811
3938
1518
7281
5241
1253
4003
3455
6640
6318
6696
4293
6451
6652
989
6494
7062
7443
6939
933
1818
246
5640
2719
3789
4866
6639
6552
5147
4016
7127
7481
1613
5253
6937
4930
3842
1476
3244
5414
2106
1780
4619
3285
6833
2976
4191
4203
240
4131
6950
2890
569
3682
2658
3555
3771
5543
1823
3105
6900
6243
782
5422
3080
7861
7745
7852
5413
5349
7725
7133
496
4096
5152
6251
3805
1168
7669
4176
4883
4703
3611
267
6070
1608
2240
3155
4171
2477
4674
5039
1135
3099
7698
250
4049
1218
4970
2007
3738
5863
3738
6621
2715
6424
6747
5014
545
4728
3661
3818
4705
88
4468
578
2658
7603
4193
6060
1556
5671
285
7837
1493
6621
6878
2110
4309
360
4429
3757
4323
302
5900
7137
3866
5863
1492
7464
6185
703
1723
683
3535
6067
5239
731
2548
6468
1491
7630
2984
473
2795
360
7872
2487
1585
1917
5641
154
3363
2743
3098
4783
5325
1892
4518
3747
528
2597
1821
525
5375
715
2439
5401
2462
5929
3763
3356
3619
5486
5277
3463
5130
2258
6186
148
911
4112
6617
6772
6592
6223
3410
5221
7640
6967
3389
7693
666
7407
7330
4255
1459
3436
7542
3130
2130
5958
583
1534
5930
7191
6358
2111
3426
5888
2112
3015
705
5674
6313
6224
2246
5810
808
1465
632
7243
6260
2335
7009
2585
2196
1923
5273
1192
7461
3693
6540
2344
7439
5208
5473
1279
1327
7046
6671
6313
3943
1421
7831
3834
2119
4581
5648
3622
7068
5823
7516
6977
7535
5421
2228
5319
2094
4104
7919
4348
5039
5468
7447
6520
545
292
2586
866
810
6022
598
1866
3547
6895
339
5614
1352
5940
5522
6608
4621
1783
6550
4073
714
2341
5245
3766
3430
1250
5872
15
5533
6891
3818
4352
2209
186
1550
3279
7949
1893
5944
4808
1432
411
3385
6901
1301
1192
4698
7175
417
5888
5680
1873
1374
2726
2675
3485
2659
5394
3974
3729
6024
1071
5080
4199
1709
2956
7706
5817
3
7533
3694
5385
930
1186
7369
6782
4989
4318
4089
3527
4051
6252
2477
7008
1279
6662
1468
805
2551
4935
102
4755
6149
4444
2997
6795
58
6536
7990
6976
3668
3688
460
4651
5982
7820
1175
1559
652
4789
4377
2724
5814
1337
6868
4334
7088
4611
2895
6735
4109
5308
3246
613
2880
1721
2273
7365
4121
7678
1049
1131
3307
3926
2556
7139
5739
7709
7095
142
5769
7156
2476
5013
4245
971
4556
333
3338
7531
3989
3850
7611
6610
2161
5233
6235
5035
918
6453
4114
4526
3437
3397
891
7267
1324
5803
2307
4748
6006
4387
2708
344
274
3454
7886
4528
7052
5310
1149
1901
602
7264
3645
1415
728
2265
1258
4418
1212
933
439
2671
519
4591
2486
856
7621
6173
1912
273
7335
7299
6421
3175
4204
3838
4610
1300
7819
748
4571
6552
3428
4302
2589
7790
7826
3826
1844
713
4568
2155
6897
507
6418
2333
2049
1694
1900
5821
7953
7457
6692
5846
6303
5763
7845
7782
2265
2337
110
1345
4062
6610
2899
260
467
6977
7661
6429
4852
4650
1111
1596
6601
3964
981
3901
2039
2867
7325
6431
4117
4907
2984
7438
6711
2000
6971
1785
4734
7865
3084
998
312
7046
3424
2115
2200
4760
7749
1135
7363
75
7388
6644
4902
6632
1003
3904
3027
160
7448
4113
2402
3655
3579
326
846
138
1561
5989
1315
6821
6980
3267
2197
5186
7985
1838
3981
2440
6868
2848
7589
1693
1474
2097
2780
6180
7150
5444
4126
2078
5499
3277
2024
7611
2689
7241
3245
677
2614
3302
3408
6048
7741
5097
6627
4982
5941
3153
7757
3109
2826
2804
2819
6092
7855
581
3279
2931
5872
6106
7022
3076
6871
6872
4829
7535
2424
1808
771
1219
3846
4680
3303
2274
4023
4269
1361
4409
683
231
6977
760
546
5429
3065
333
2692
6158
578
6467
7614
2730
6587
2904
4412
632
7618
2305
3291
693
1941
6068
276
6690
6687
4144
7819
2169
3919
6978
5946
5777
344
1704
6549
154
4279
2472
7453
703
2193
5948
5462
1924
7724
5948
3411
5475
3439
4105
5502
665
1159
2988
3565
7507
710
2165
391
2667
2901
1204
1203
5818
2953
367
879
1387
6109
469
2076
1552
6886
3272
297
5440
1171
4800
7556
4596
4668
4866
2137
5939
7294
3056
6142
1108
5374
3247
7854
3114
3390
1307
6467
2190
4329
7638
1314
3268
1598
7719
1711
5444
1158
4653
2905
7297
6970
7091
5704
3076
7460
2293
1128
7159
5818
1037
4121
2398
5172
2064
2533
5390
1191
1451
766
194
5512
5839
6634
636
3436
13
3369
1212
435
3608
6876
2503
6092
3313
5356
4967
3357
7026
176
4112
2076
5771
6487
577
112
6109
3168
2257
3392
4845
2913
7769
3343
6070
2970
5358
1687
247
4162
1408
6551
3897
5009
4201
6259
170
927
2016
6999
1869
5228
1544
7080
6056
627
2764
4040
6710
3437
603
2313
4483
3401
3860
4933
5418
7261
2121
6905
1187
85
7991
3544
5421
4465
6366
4137
158
7787
2154
4610
6455
598
6243
4509
3866
6018
2926
7973
5275
980
677
7903
2863
3744
756
838
1902
3239
2582
6649
881
188
2537
1736
947
1188
7679
6406
3593
3247
7252
1612
944
67
6620
7722
7694
7399
4063
7317
1626
6078
7412
3735
5712
1215
180
3805
1143
3752
1073
3112
7937
259
4168
1631
3796
5682
94
1932
1517
2555
4663
5085
937
4749
4664
3630
4056
3042
2037
2683
7716
7686
1628
2613
5760
1360
1346
6706
6840
2949
3020
6847
5596
94
7655
7493
7511
4174
3037
966
6443
4919
2803
1364
6931
1244
1237
6753
1698
4440
1153
82
5988
5730
2030
97
5433
990
4241
472
2600
3516
4779
2227
3008
2775
4848
1320
4026
7254
7727
162
109
4389
6606
4991
6335
222
3850
7383
3405
1692
6609
2171
1604
2787
7080
4344
5616
6986
5921
1217
4761
4226
2993
488
589
5238
1210
7001
4559
1066
846
5894
1280
7946
4240
126
1947
4682
2800
7956
134
115
6253
5645
7097
1536
5047
6524
665
7241
1977
6333
7042
4458
7308
7366
7405
1449
6250
1314
6717
7394
6741
6960
4227
4804
386
365
5336
4149
4936
7726
7764
7962
3430
1526
4649
1928
5869
6978
3005
4362
518
6160
5489
7571
844
2688
5446
4413
2889
1599
418
3436
5449
1095
5953
2976
3196
5592
4209
2365
7059
2754
5422
7954
1375
6095
5724
3396
4546
3590
4442
3380
5306
6431
2670
4725
190
5456
670
6156
2449
895
4413
1436
7208
2830
685
3020
3025
3598
5778
706
2142
4559
1464
1977
2685
297
5622
7819
3806
6583
6678
7481
3290
4220
5023
453
5169
2814
7065
321
5123
6779
7082
2784
2732
3113
7300
7737
5242
4457
6787
34
4978
2302
3384
2216
361
2148
1487
3301
6135
6306
7381
7681
1309
5863
6709
2283
5223
3633
2172
4555
6699
7319
2856
931
5709
1654
2069
7782
7984
635
1711
3458
2095
6549
5409
856
6393
5170
5055
7092
7031
335
4484
2335
1014
2948
7230
4748
594
5091
4241
3739
1339
4939
6355
6638
6469
7987
6292
3371
6364
6805
2364
5533
7857
6637
548
1212
7098
4977
3487
6082
1959
3201
487
1147
3254
2919
1165
844
5086
786
6776
890
2172
3271
3601
5762
4781
2071
804
4943
6556
835
943
4307
6873
5653
3017
7056
4885
5334
5792
4126
4840
4866
5049
3188
5006
1495
4187
6381
1544
447
4208
929
5925
212
6364
7281
2270
5336
7663
613
2235
5269
5492
6681
6014
5197
2187
5076
6805
2772
3092
878
5625
5433
6207
7953
4487
5450
310
1373
2931
3333
1128
4695
4482
2833
1389
4623
4481
2329
6800
3354
4979
1533
1419
3844
2747
1997
7787
5840
2856
3797
3969
1844
1077
410
5152
5455
3645
5225
3387
3590
6522
3073
7700
4297
7077
5182
1000
499
2632
352
5899
1590
4160
7281
7070
6265
1766
3305
2327
7415
4734
6093
6269
1866
4736
1018
2419
5917
1936
159
3000
6933
2052
7011
841
5836
7
3284
6203
6244
3327
6762
632
3892
5753
2050
4333
7589
7445
3557
738
5984
2175
2993
1698
3230
7532
2782
1653
1842
3896
2487
6836
635
7604
55
1216
6161
3327
3933
744
3582
4648
7310
4588
6147
1278
3711
6062
7040
7606
6637
1417
832
3438
1588
4592
4942
3357
2705
6065
7764
125
4443
4873
5270
2780
5994
4418
1536
4209
5139
2739
1477
1145
7099
2491
1905
6977
3009
1973
7364
2027
2161
1477
11
5897
1337
1084
437
4484
3828
4285
964
275
2875
3936
6867
3596
6804
6395
436
840
4268
4299
7008
5508
173
1489
5627
3267
2487
4485
5947
4737
6143
3130
7763
6539
3419
1769
2855
743
6385
4731
1528
2059
6698
4676
1775
1821
5340
1139
2037
3162
7565
5770
7875
79
2875
3837
5779
2041
307
1324
2439
4917
7540
1150
6995
6902
995
2817
6038
252
7743
3420
1355
4895
3892
5251
7790
2539
6432
1629
6091
5511
5722
2064
5692
4673
2625
3381
7047
235
7499
973
6644
493
2998
210
6686
5826
3036
7194
6296
1337
3254
4053
457
4907
1024
97
7253
7798
6121
6162
4427
6463
5171
7105
1934
7919
6301
7445
879
3030
4877
3848
4367
5415
6615
7917
5577
2570
825
1531
839
56
5590
7461
2893
3146
7376
7144
3963
4057
1
3157
2899
6514
1950
431
1476
1250
42
3628
4386
3870
1342
5086
1131
7355
357
734
4361
4773
4636
6565
6026
1989
3206
6218
6356
6801
7030
4138
1285
7857
4956
7784
3468
1829
7227
5244
563
7701
4782
545
1128
5114
2385
3530
2164
4650
3041
5618
5743
7190
7772
6500
3536
745
7525
4001
3623
2757
1992
3091
5842
2490
4003
7905
2886
7966
5994
2935
1368
7344
7859
4687
2900
3453
1754
657
2263
542
593
3684
4987
894
1982
3241
7083
2276
7567
2988
7374
7764
7493
7274
48
4700
6347
3028
2750
1462
6561
4982
2474
2815
7670
2637
902
37
7238
5943
5810
5658
4305
5313
7
3896
4847
3188
7687
5378
3657
1975
2769
4434
2822
5077
5607
5461
4056
7910
5329
7245
5034
2809
7270
2007
6759
4966
1781
3972
1756
4887
6965
3802
5616
2974
1685
5992
600
2157
6133
2007
4665
1731
5376
4641
7228
4174
5177
5154
7315
5164
5081
6944
7630
615
4909
6493
2226
873
5551
7111
6250
7419
3912
5435
2759
313
6898
4696
3287
7463
4271
6410
1718
7634
7397
2490
7736
7640
3746
3501
7818
7850
1756
6162
6645
179
1500
233
3446
5611
3296
5829
4514
2690
1231
4544
7880
2731
4613
1443
6134
5916
5595
5193
3340
2388
7300
697
272
6776
3008
6257
4789
953
7610
2764
7987
3642
3877
2800
3595
1061
786
2734
5429
5903
7692
12
3903
1738
6646
5938
5662
4424
5835
5449
6716
7827
6317
6440
5671
4237
7750
2718
4232
1479
5554
6348
4434
1875
3213
1988
52
5278
4186
903
7213
1025
1242
6671
4523
3207
5981
4750
3631
1606
7503
5903
6369
1192
5130
1936
6443
1776
1514
7994
1503
1748
7956
4422
5380
4107
4466
4096
7145
2206
992
466
4998
4200
92
5830
1638
2301
726
7517
7633
3046
6441
5894
5166
2684
48
3918
3318
812
4852
6225
4066
7222
7243
1872
5199
7792
6049
5509
1744
3451
3267
3225
4267
2988
4429
2645
2261
5895
3769
3810
1017
6347
1394
6338
1485
1401
4776
296
6142
3545
770
2659
5171
5835
5382
3371
457
462
4397
5335
4668
6454
415
5222
6600
5792
3094
2903
7944
6047
6415
5658
3325
3943
7736
4905
2536
1406
7309
4297
3889
3532
311
3331
5679
4555
146
7703
702
1274
818
1695
1198
2526
6872
5076
4516
2020
3140
2959
1683
6296
559
2037
3362
7875
2880
168
2215
6789
2133
2476
7166
5284
376
1204
788
1813
627
7294
4174
3452
1892
7385
4534
1774
4739
5178
6794
2215
4560
7201
4336
4948
2158
5010
4669
7541
4567
5426
4898
757
3330
1126
242
6387
3617
1882
325
2545
3804
6883
1797
7446
5892
5345
4774
4215
4313
1609
1966
1096
6347
4479
2933
5176
5623
7697
6062
7370
3568
7924
5458
4057
839
2326
3339
7708
7829
3160
6970
7184
3949
6048
4790
1097
1208
5306
4693
684
5079
2792
226
5330
4677
1933
5476
28
6564
3976
6033
63
3411
4584
3687
6342
709
3209
7046
1424
7673
7048
3271
6130
3526
4285
2386
4710
6186
4834
7029
2899
415
4081
4700
3286
1018
6200
3284
7372
2733
2852
630
251
6645
5468
3261
1252
5158
6829
7611
7723
7324
2652
6308
5265
5826
5905
3777
5416
4462
4723
2583
6362
5913
2382
760
106
7390
7198
2581
3772
1280
5593
5368
6834
4457
7363
3785
1694
1308
7250
3582
5217
2291
5567
4838
3710
7864
6785
3987
3340
6484
6572
1519
4635
1011
5113
6313
7927
2365
5346
7806
6621
237
2749
7231
5676
1640
5008
5958
4808
6504
182
6279
2784
7491
2092
4683
7495
3581
4810
1940
2949
2309
5290
1138
122
7601
7742
4375
2971
1804
267
5044
7262
1300
1306
6128
4635
4265
2965
7090
4232
6582
7600
0
1699
5787
3261
4302
1515
3978
3870
2941
6004
2250
6436
301
5940
4446
5260
5540
3636
1358
2914
5844
5119
3695
5802
1471
748
513
7814
439
1538
4714
6484
6607
753
3764
7049
1088
1389
1217
451
7372
2760
1858
2983
667
1625
5602
7806
5831
1411
1875
3596
4502
4174
843
1857
4989
6730
5959
7241
634
2320
506
1206
7580
7997
4120
189
3280
3166
6112
4197
3003
3233
4152
5879
2241
7515
4111
2377
6963
2511
3621
1656
2779
5239
2126
3246
1277
992
7637
7070
1225
881
3238
438
