608
1727
534
1398
86
707
1779
1336
1779
1904
668
1538
781
1113
1887
790
856
977
831
1488
507
1771
1165
1829
775
1709
630
6
1249
840
1332
1909
843
1906
582
527
283
878
1122
813
1504
1065
1960
526
364
1142
1349
674
744
1099
1282
170
337
1962
1025
1233
1955
155
1566
1556
285
877
521
72
709
1007
1819
220
27
1171
2
1273
211
1555
209
110
1824
579
1526
1920
792
1258
1761
1385
1907
2068
1994
1971
1416
2088
111
1279
1756
115
320
1356
808
747
302
1946
1916
1088
1252
2006
402
1635
908
1381
1919
702
1051
745
420
2021
2000
235
621
185
1746
258
81
392
1854
1635
1628
331
26
276
1012
1972
1973
2014
1490
219
144
680
983
1949
153
2040
75
784
1627
1218
906
569
1700
1387
78
323
1387
1654
1536
1469
552
778
1015
1406
516
74
841
914
1854
616
1642
1441
482
2079
855
1947
900
1658
1792
2003
2038
1414
1282
1505
109
1104
237
1898
116
1968
619
1820
1286
261
1070
1487
1052
1915
1908
576
401
2026
434
51
2055
624
894
334
800
1970
1020
1745
1269
954
1895
1613
1264
70
219
1461
1841
677
84
679
1483
1194
1977
146
225
1190
1108
1061
90
1306
1924
517
1667
1752
1938
705
122
99
1249
974
1985
1035
2027
1839
1916
507
750
1988
1179
401
858
252
969
1813
568
920
785
726
814
1206
931
512
331
1364
632
2013
892
1488
1701
1971
622
1366
1282
1077
2006
1995
1186
1639
1916
1735
34
817
1860
482
1816
851
1598
1526
2072
1936
1991
757
1853
1826
454
279
1416
1380
1291
1928
429
502
1706
446
1072
464
939
1191
784
118
1536
480
1668
855
553
1883
1728
662
1256
617
252
2073
1989
797
1321
1337
1585
1786
1775
1495
1483
2072
812
1335
1593
44
1785
1691
49
918
1431
433
1845
1237
691
1733
1779
666
2093
1195
962
1408
1800
664
17
829
989
1089
1994
2052
323
1951
252
205
2008
1822
495
1970
2099
1519
1477
1794
1307
1044
393
1685
298
1341
1420
1458
259
284
1246
824
268
445
1456
1405
1127
1059
356
99
942
1438
72
539
1842
176
494
193
261
1150
1800
1426
1163
9
702
1411
1575
1721
68
144
722
1818
1054
1327
1276
1674
1259
1148
1430
1195
1711
83
1274
1349
357
392
2003
1275
1268
468
440
1233
765
1893
1075
172
1449
1712
2052
189
920
823
1015
465
1401
1674
1470
604
1338
42
487
747
2070
991
1368
1313
614
1057
2084
198
91
342
268
71
1950
325
884
1821
291
1538
1043
1166
335
112
1009
755
4
484
1438
2100
732
239
2013
66
1817
1716
666
1806
118
32
924
1375
59
961
1686
1533
1144
476
314
644
803
840
1891
392
1708
308
504
80
1324
559
87
1201
1611
1274
1678
1646
223
1964
1774
712
1016
1542
103
1125
1712
365
406
851
234
1138
929
1220
1710
347
111
1283
665
1511
1770
389
685
291
592
1508
10
943
2032
1409
701
1553
160
1307
32
778
755
1608
1744
330
242
834
308
1882
443
1750
429
480
1667
1429
1441
1786
469
889
514
1991
1780
346
1782
2023
1519
386
1365
1816
1143
586
1744
1138
329
1863
1099
1419
1480
1524
1249
1119
1223
296
672
465
1229
1372
672
606
51
494
988
288
1734
1993
2017
1867
843
1277
1453
798
651
1230
1501
1194
2074
268
1151
481
1722
1420
1236
85
1520
1723
1844
993
2081
1705
1652
1574
84
1854
409
1620
2013
1641
1993
425
1178
334
2040
862
1607
1853
902
690
1632
372
921
482
1600
417
119
117
1879
1584
1014
333
1984
1809
1943
279
229
523
940
2092
86
1995
1279
1596
287
65
263
1045
796
1875
1523
1333
988
1657
434
1284
1572
2064
1307
763
1252
784
443
932
562
657
455
964
1422
1223
430
1325
870
38
1679
1432
1417
1379
1776
1122
1113
630
431
1925
1014
1166
1751
916
600
768
1144
733
304
520
32
1258
1967
1096
930
1868
395
918
1937
978
2099
780
897
1613
281
560
1105
520
110
1468
74
1709
134
1789
637
1867
1271
34
152
1251
115
797
1647
2081
2040
500
141
1012
726
1125
1100
1617
217
1989
372
2099
1001
2025
1679
1354
1365
1786
977
565
1684
836
895
1332
1167
1013
2020
1655
63
1689
659
147
647
760
30
1059
629
1925
1305
90
1037
677
1879
1007
1330
337
1197
1232
1612
633
1564
1635
1345
478
783
1457
1689
2018
92
618
1113
1120
520
842
1102
1516
823
183
1588
557
599
1246
757
693
364
2001
518
640
1244
1222
1632
421
1234
1070
586
496
1512
255
84
1999
995
934
796
41
73
2068
707
781
783
712
246
1146
332
1827
1029
1636
492
1108
716
1754
1679
724
418
494
57
1079
1013
107
1831
1444
1447
1091
1624
582
1084
1096
690
107
393
836
2013
2044
849
2040
1781
322
1176
1280
802
1032
1055
1157
887
1348
1755
1610
1390
231
54
1549
1540
1228
2094
1886
1467
1283
366
772
292
2059
1711
1972
187
890
1140
2036
359
1240
1202
1656
145
1020
1137
1596
1063
461
146
255
1514
1166
1233
1175
2049
1907
2051
673
1632
1750
403
617
696
740
1666
700
1413
1439
1048
1359
1993
1843
582
1633
643
758
1513
844
25
1199
2094
1732
699
707
177
938
312
1568
947
1928
1200
1092
724
1426
19
235
1559
995
758
398
1578
880
2062
1658
615
2072
1939
235
653
1262
578
931
220
641
1605
122
1459
1411
1344
900
1007
1396
235
469
49
1724
113
871
1203
191
419
1625
78
1012
1825
1203
984
970
1475
1292
1293
1039
2011
983
1007
121
1396
1698
145
138
169
673
1905
294
1589
1803
1896
1839
908
1738
1561
2064
1758
1454
578
1803
1238
1498
1900
1252
1517
516
1598
1919
1369
396
1020
632
1524
485
257
1961
1424
84
1984
1644
1521
1051
267
80
2028
1350
798
1100
1659
1996
734
124
350
983
970
1577
1816
1660
1897
836
1903
225
1525
1085
1810
1204
1824
1267
1697
753
404
1569
1417
1156
1369
546
1440
1368
1851
1956
1441
1756
1217
1784
301
223
963
1360
258
2084
916
1871
1937
260
266
1745
1589
602
805
1098
1637
1769
1211
1807
65
356
341
886
592
1267
1632
41
956
257
687
1909
1015
1500
235
1280
304
2089
1256
740
2016
1897
1446
788
125
137
510
1942
1197
2058
1849
1841
1318
1966
873
577
694
454
1475
48
114
536
1522
1395
1207
889
39
1157
775
1419
1576
552
1171
117
1238
1659
1823
404
1240
759
1276
85
1063
1748
304
521
1213
1253
847
647
1937
440
148
1151
1218
1090
107
661
1295
397
358
99
1070
1307
1012
1213
842
1659
312
1656
299
312
1632
603
250
1782
1223
405
1760
1061
1716
1044
806
1116
1473
1682
1814
345
2081
1839
996
755
1559
1161
626
956
236
560
616
895
1945
487
1924
114
7
1363
522
1388
2004
158
1474
9
422
101
344
1666
1098
1842
914
553
152
588
1969
1504
1633
197
2037
1094
304
853
856
1593
1551
1899
380
1158
659
823
1885
701
1300
1679
489
1210
1679
793
1611
1107
1742
1061
414
1761
1825
602
44
1967
1013
515
1832
743
1497
454
715
474
301
1536
1528
302
280
1745
518
4
912
714
995
1580
1542
285
110
1191
404
1540
1961
767
1054
340
1979
1773
1160
1444
1474
1786
1649
837
979
1092
1982
1978
240
649
1130
681
1872
1699
268
1165
1051
2050
651
207
275
1147
2002
360
1187
1289
1373
1093
1883
704
1719
1129
1261
1996
1016
1894
1750
1806
175
1052
1354
70
1799
299
2051
957
1819
527
1584
1821
750
1239
870
2023
2012
1141
1991
1522
1446
924
892
531
535
1494
1673
538
1170
689
303
1999
520
1530
1744
2048
1466
163
1839
993
1634
653
1460
1877
285
636
1409
1423
1366
133
961
1950
843
407
648
1935
1826
1497
1971
1700
1200
1620
364
795
1178
632
1505
575
1561
263
345
1748
606
493
14
872
597
1121
753
1840
1974
829
1892
1545
1777
193
770
278
1807
2055
1027
1522
605
408
511
229
1904
1535
1715
416
322
250
1977
1715
1236
418
2058
87
1177
1125
1219
653
773
106
886
2035
1872
1402
1926
749
844
1579
1175
1666
959
1430
52
1936
1932
1600
1970
1489
1611
1291
791
1518
651
1622
1863
281
1842
1078
1461
417
787
1139
908
41
500
1228
326
1422
2080
2097
1644
1133
1195
2069
835
1331
505
1459
287
2047
1959
206
722
148
1530
632
1995
1583
1908
4
1688
2096
1987
610
362
2076
1512
1755
799
1979
586
495
1158
51
1339
720
398
822
234
446
1315
1173
874
1316
1911
1283
1789
800
109
105
632
1187
1216
1192
1569
1427
3
1628
1989
146
367
2074
676
739
246
344
1415
850
168
1056
1381
1339
107
1281
144
1982
759
99
416
1440
1750
119
1893
193
599
2054
1409
1480
985
125
25
1132
2087
489
906
1630
1431
1956
1669
1409
560
1447
204
1915
1102
624
1636
1587
456
1448
1760
1570
667
786
330
1967
612
1203
1548
813
1244
1077
874
1140
1710
847
662
297
786
318
1396
1490
1584
277
37
1609
470
1145
33
1966
206
1738
1475
208
433
1320
1061
1949
979
2060
221
68
1817
819
251
1849
1089
438
177
865
1181
1260
310
1425
1697
1565
395
156
266
1914
39
607
970
2010
1805
1090
1527
248
1478
521
844
515
1140
527
102
1818
1022
2019
132
790
1035
1673
654
2010
446
1264
1214
647
1069
79
1840
1730
896
1479
1514
47
1907
585
1084
1129
329
1575
1826
1557
827
1716
2081
1173
449
1262
1138
1526
1713
1529
1993
868
114
1582
1392
1629
2058
947
1892
932
1790
514
1452
893
1437
1321
2037
1863
1894
522
93
1745
1236
1013
1991
858
1818
1132
798
550
2022
445
313
975
283
679
1917
257
1292
1113
784
868
391
768
1856
536
675
1452
116
513
1231
1619
1910
1469
1892
1436
949
1855
456
1605
1095
41
1484
766
2036
144
1860
781
333
1202
1325
988
640
535
1722
1066
530
1516
1191
894
1495
1750
34
1695
834
801
1808
560
1498
166
867
1684
1515
60
1018
489
376
686
585
1292
2098
234
486
1614
1078
1238
1022
135
1099
1532
779
1116
1052
1223
1403
1762
1913
623
1879
973
2023
406
1332
436
1311
751
1325
1590
1679
674
1576
227
865
1242
287
1127
981
579
1461
454
925
2080
1969
378
1680
774
702
159
1857
741
578
1422
1950
1004
311
1146
82
753
691
908
1889
1768
1325
2012
967
461
1263
209
773
1027
1077
1127
2064
1047
862
1825
840
432
1987
1421
1512
357
99
985
530
509
1461
337
1650
787
37
1079
1968
578
715
252
1581
790
1040
1834
1813
453
1555
1181
451
1969
1241
187
1267
1308
287
711
660
1663
2064
1274
1603
1773
1267
199
1556
933
711
1041
1193
1764
1865
806
500
372
1740
666
1396
635
1959
710
275
1920
346
269
764
608
958
620
1122
762
1165
1180
1238
542
594
748
1113
280
1387
82
1164
957
739
1872
1722
66
1832
697
328
1522
642
152
875
1122
313
148
226
253
729
1656
121
489
551
1262
1749
941
1311
279
1641
1911
1702
1667
333
2004
723
478
1780
1041
1050
779
19
1130
1380
1419
583
907
1658
489
1429
199
417
1557
1046
1287
1534
469
939
193
2083
1902
1750
1687
515
2094
1090
544
1547
53
1285
539
152
661
1966
1032
2053
445
398
580
164
1725
153
646
