1079
954
145
917
1020
300
1237
1287
1279
105
229
1213
784
1019
129
1102
161
826
1276
948
1106
24
1283
793
378
896
982
446
40
520
71
519
371
228
1067
840
740
755
549
282
940
113
906
1024
1217
1124
527
1037
407
216
1076
1047
146
844
593
1091
100
758
1217
898
1212
819
1176
566
21
442
58
373
851
345
508
25
455
1188
681
946
961
832
344
745
976
410
200
355
73
781
575
815
1271
1057
658
50
148
1209
1061
958
246
752
837
134
311
674
690
962
1091
473
487
323
168
349
487
244
876
961
828
454
801
538
356
251
1255
579
1183
860
1209
1073
389
843
767
186
629
775
6
797
1071
58
260
356
901
788
611
1018
245
921
1228
701
348
1206
48
346
868
462
1057
531
461
714
270
1192
536
482
294
926
957
74
883
808
727
517
952
562
912
662
697
86
65
1251
374
1240
375
960
1162
1176
290
882
462
743
47
112
537
533
629
1095
174
165
611
1183
954
1142
72
489
934
1044
770
832
627
173
1032
790
223
405
372
120
130
337
385
893
1095
1275
470
1204
26
884
793
1050
1157
955
821
1119
757
863
1142
1009
887
349
199
1219
861
414
436
1091
1255
1108
67
33
655
530
1222
1122
41
853
147
523
686
273
276
1162
515
80
758
403
70
1260
1279
977
19
1072
588
1237
78
48
10
209
40
375
231
381
1241
397
1053
85
1012
801
573
660
1258
1120
397
669
336
509
605
325
146
982
569
1093
648
749
712
490
57
1027
215
432
146
809
209
39
1129
484
714
63
653
962
835
181
77
838
1225
1033
651
774
277
52
863
79
417
1088
450
699
1159
285
323
1295
986
372
662
1030
966
976
319
673
693
671
1004
1171
309
553
1242
1147
7
507
767
1235
507
817
1029
1090
1190
285
1202
419
43
799
834
510
112
416
962
598
804
789
583
258
679
414
609
431
1058
141
858
57
671
1161
342
1296
581
1254
87
653
742
1286
768
728
922
734
1009
714
534
885
766
743
738
195
959
652
120
138
1297
430
1033
177
287
1037
852
240
44
963
413
1019
771
156
134
89
929
613
9
703
517
785
196
1179
191
292
723
563
644
552
564
672
1085
1252
123
1276
327
644
790
251
359
320
249
656
737
652
783
487
499
1186
993
999
159
1223
550
679
1011
494
684
917
561
704
786
412
419
1249
638
752
278
742
349
1150
219
1034
924
739
1014
1054
848
199
1241
1016
400
653
1074
522
1013
81
951
84
947
750
416
287
616
1266
176
655
170
90
1260
1110
623
185
408
10
1239
886
982
869
592
543
205
667
519
38
592
118
275
788
1137
499
1206
850
848
957
849
1237
684
541
595
1203
540
928
902
822
147
898
1082
1070
694
1206
1134
922
133
184
1005
827
266
6
557
936
1260
1211
1267
1150
35
1254
1262
271
528
1072
338
865
244
736
145
11
216
976
875
537
655
1028
890
1079
173
174
774
452
1240
572
893
1159
1000
791
125
380
1170
963
151
318
776
484
800
826
1051
683
1099
673
119
840
548
812
720
972
1168
567
1281
192
929
850
132
445
742
1001
1295
1035
1276
284
668
980
769
911
261
934
286
148
1192
346
936
1092
315
434
385
602
829
1033
1017
975
341
924
300
187
126
182
704
742
736
472
677
453
424
865
931
626
474
454
1275
1278
458
17
521
1012
801
1173
845
1252
920
536
229
992
766
1006
811
1155
745
856
453
435
160
696
1284
1284
1170
385
1182
786
455
916
313
875
866
345
1274
1217
897
381
629
749
1279
303
1149
458
106
855
19
187
244
585
618
1007
198
978
1299
24
974
290
613
102
864
1087
324
306
497
763
1250
680
152
746
167
68
262
109
376
556
834
1260
1207
343
455
1272
631
11
759
1263
319
1151
1051
423
208
1274
1217
190
961
264
199
403
631
341
1048
233
282
472
251
902
477
333
778
593
560
1198
66
384
1157
511
771
725
1008
965
1053
297
734
722
894
432
454
331
1212
298
628
472
851
315
559
433
403
15
644
899
819
703
812
988
724
354
257
238
30
443
403
32
1195
443
10
160
148
1045
429
305
1088
643
774
255
444
706
140
288
1235
153
494
370
931
161
577
1008
1025
255
45
794
231
1193
449
430
275
897
433
450
1138
476
772
853
2
799
554
881
802
1213
609
132
802
485
603
956
1122
1272
457
191
1237
630
634
1242
962
684
970
594
206
847
1020
453
308
371
464
517
78
626
668
751
900
936
608
402
1155
343
1083
957
262
604
24
1166
100
777
573
359
94
1292
648
909
13
75
172
786
797
244
1053
27
293
982
594
579
209
535
1079
236
487
663
480
43
73
951
627
1
505
14
473
925
192
1090
70
432
883
898
43
586
531
745
1072
22
1285
712
381
84
420
1117
518
1154
287
825
1068
811
862
118
872
548
713
1194
1225
170
1193
1266
281
295
934
948
508
853
755
237
227
798
44
826
804
153
883
849
1270
781
76
293
820
1290
825
181
248
729
1069
418
1018
603
713
474
77
248
1261
1293
858
71
32
1045
404
1196
717
118
375
1086
691
960
310
894
22
302
837
846
257
551
873
912
510
1094
469
56
1065
1147
772
783
370
871
452
986
793
1085
169
492
156
511
946
1093
1240
597
1192
280
250
564
296
332
823
238
1296
1074
670
112
31
593
88
1092
1277
944
591
1041
106
639
1119
871
555
946
718
95
728
620
1037
424
892
434
1283
814
751
314
991
1074
1169
1042
1103
1281
1232
318
1209
732
479
113
1174
1271
854
973
212
299
618
1209
1026
466
78
1019
151
928
26
396
502
399
251
170
290
1219
1117
968
655
1061
828
1203
508
1287
460
935
1248
225
1120
633
753
388
932
30
17
1084
987
1277
607
24
1120
248
721
10
415
1199
487
871
900
182
1147
1221
482
1272
550
27
1064
134
756
162
972
899
1276
680
734
1109
842
765
595
613
401
438
1100
563
223
52
295
378
413
1122
746
503
700
1140
650
500
1117
1132
993
949
79
1034
370
1127
1164
1001
583
268
1242
879
395
1268
1173
1132
361
94
126
993
859
1281
783
241
338
948
1155
1037
883
705
652
693
854
618
396
552
1300
852
157
485
620
1012
928
424
1043
1171
181
476
812
335
291
123
809
529
216
67
556
651
997
791
1035
813
59
922
122
191
376
1172
475
415
404
1182
762
581
426
1280
915
856
1106
1260
557
118
717
530
615
832
1269
1271
1233
440
517
781
166
926
23
1083
876
261
