12028
5798
12613
13046
3719
11310
8362
6425
485
5433
2922
7163
12724
8295
5300
13914
11821
9395
5811
13057
10376
13298
8242
173
3007
13507
3786
1402
9735
3185
12567
1745
688
13361
4150
12176
9825
3538
7576
8810
7281
483
12301
2123
8916
9715
13288
14562
14611
10739
5632
13421
4030
7101
6277
14932
1961
9517
1197
1261
1314
6898
1510
4262
10472
7737
13807
14220
14986
8343
13487
13291
14125
1493
14562
9118
2011
11014
9415
3572
4338
7653
591
1055
4295
50
250
12902
2640
667
630
3522
11489
4297
9579
7887
629
5418
5207
11483
12993
9572
7265
14938
3043
10559
5895
9799
9284
6689
680
9569
8548
2028
14123
8980
13818
1819
2907
10105
12625
9545
6983
8512
10971
11603
10883
1681
4228
6991
10821
3062
7291
12565
11273
825
7636
12498
7892
6100
7528
10067
9505
11765
4195
10282
2965
12135
7871
10301
11143
14173
7497
1551
8299
6991
67
10935
9521
8841
12334
3847
9947
12020
3566
13992
12503
9679
1908
3430
8884
10854
9180
9131
5359
1387
4364
13053
5961
12414
9277
4690
4654
7329
9206
7781
988
7698
645
9094
10508
5574
7341
8698
10696
12804
7756
12135
6963
8462
8612
1716
12128
13813
11698
8008
14291
6455
3556
441
10423
8484
650
12784
12037
5183
1995
13691
11891
13227
11165
12452
1230
2857
1722
10836
2995
8307
9991
8423
1852
9196
845
13232
3161
12315
11522
5907
13698
3386
9940
1271
5995
10152
4499
535
7215
13368
14449
5426
4505
3538
2748
10951
2639
5967
9419
10659
7400
7612
240
3179
13177
6063
9920
6501
69
6207
4031
14892
13387
6556
14183
8228
1986
1789
6707
2877
12560
11648
13531
6451
3833
9272
10968
5014
302
10733
13566
13954
320
4583
12449
5614
4774
14478
9883
13158
1518
820
14023
6324
13640
226
11527
9625
12724
3820
9365
5994
11269
12261
12093
10306
14764
14066
10047
3741
6655
1310
12952
6763
12883
11721
12404
10469
1719
11774
3091
3650
11340
11271
9609
1312
1464
273
3544
6094
8552
6343
6716
11216
14595
11654
988
3449
5273
13898
1803
14183
761
1356
1547
5313
11848
9045
2014
3402
8076
8680
8847
11932
2200
4433
875
4124
9590
11740
11417
8029
15
516
11838
1253
3166
1664
387
10072
13538
3964
10492
11962
3563
5910
13685
12392
4256
8768
3590
2509
8674
9567
5249
6837
12959
4317
10294
1279
6194
2895
14401
10367
7501
10737
428
5520
7812
5902
11556
11595
10799
297
4169
14
2666
4774
7353
1781
11385
1928
2622
7467
2623
13606
12094
9878
9737
4154
5407
7402
683
7376
6161
1361
10550
13325
14887
309
2740
13247
9807
11286
2227
3056
12245
4373
5682
2628
14936
318
11121
3760
14163
5404
6364
8727
6014
9421
2070
3363
2954
1950
1281
8352
11986
308
8376
8750
8249
8843
6953
5081
14572
6801
4383
9250
6417
10694
8568
9142
6546
8259
7183
14566
6440
9622
9907
10017
1314
10064
11309
2662
9102
10846
8261
6057
1361
2925
7356
10999
11108
6357
6264
9569
11465
5265
14302
10885
12414
4587
5500
4778
14705
7537
14336
1034
4765
87
317
13548
2475
6343
7355
8182
7231
3333
7501
5251
7062
169
1839
7887
3493
2247
10429
10357
11847
4772
10458
2340
7197
8409
11925
140
5341
12149
14033
2507
14493
5960
8196
392
1034
6887
9902
2685
976
2474
9458
6856
9749
13439
8882
4992
13490
8336
3791
10741
6215
9031
14410
9906
724
7843
7978
6065
9065
3947
7022
13638
10633
9106
13623
14520
14274
3140
14747
8484
11327
5627
11878
14630
6055
7829
5906
12241
1534
13398
1284
10473
1724
10013
3021
9285
4131
7618
14611
14749
7092
4904
14093
272
12107
1669
6699
2500
4513
6361
9027
11216
11102
14821
11385
2886
2532
3640
9472
9487
7766
5205
13974
7608
10805
5221
5523
1727
9196
4971
11782
8973
152
287
14724
5769
13485
6522
461
4559
10390
4349
2141
13946
14803
14237
8770
14740
10993
2627
5668
2033
14193
9017
14673
7253
7102
9405
347
11418
3474
9629
7570
6708
14279
9211
1835
7654
12282
14524
2717
598
9202
10586
3604
6396
1874
1583
7194
11654
4710
4835
13092
770
5645
12637
6475
4571
9799
10082
10286
9664
4025
9031
939
5245
5513
4098
4079
7176
9211
7920
1314
6461
7176
12393
6400
5918
12465
10460
4225
9688
2546
6586
12178
7183
1308
12132
7314
12033
4485
10933
14294
12293
4941
14275
8524
2451
7836
11556
8744
10320
13439
10740
2210
14172
1451
9907
12751
4589
7220
5452
5634
8603
358
11055
2180
1921
3796
4573
8612
275
5719
12355
4292
10170
5278
8921
3413
63
2726
1478
11652
8568
8166
5979
6874
3155
6504
3304
11888
5625
10488
10330
10988
880
6706
8519
14782
10710
14822
1498
10954
3688
7522
6608
11113
3270
6901
14384
8269
10034
622
5016
4543
12681
9354
9687
4017
5317
453
13797
7680
6341
9898
13128
9697
14618
5127
13727
4087
3083
12162
14516
12660
12378
4133
12053
2305
13852
8180
9371
14268
9626
254
10369
8058
5460
6816
14548
12960
1459
10096
10182
10295
6776
14534
9558
6140
2562
5183
5420
10396
11862
7660
2273
11938
11320
4800
831
4649
14431
12287
7487
12879
1174
1220
14817
6924
10257
1569
13345
12896
7384
5377
9084
12130
8274
5611
13216
12718
4669
12414
2454
5863
12298
14516
13148
9082
2027
548
2212
13844
7747
13840
3229
4133
12246
63
1041
10246
5665
9049
11153
2265
5519
9108
12215
292
4229
9758
12229
3114
8217
13454
8423
14173
13265
4250
9929
11452
5347
310
3618
3444
13773
892
6883
10380
3977
6625
11543
7002
6135
1043
7194
1864
8654
5715
6097
127
2685
1520
3696
11921
3958
14685
10422
10528
14016
8793
14569
8694
6949
1015
6035
12552
1114
2715
10658
14411
8449
848
4917
4287
2066
13259
12357
2504
11411
11652
6457
5149
5975
9237
2496
10198
3811
11808
9276
7939
4895
3743
6559
6583
12737
1085
13794
9040
7305
8157
8690
3962
8892
7289
9147
7788
3763
8822
7168
5502
2472
8211
11621
12330
11148
14765
9312
684
14577
1104
4223
11514
11211
6156
12411
3992
9960
5250
9461
310
5383
8239
3370
9998
1198
10541
13110
8571
12934
1331
8231
14096
8928
4011
5969
13611
2512
1432
856
2506
3570
1123
14334
9236
2047
2408
13240
11676
7454
12829
5757
1173
13568
12827
5713
8792
6293
12664
14022
5815
1181
11324
12317
14263
6996
1292
7768
3272
13398
14571
211
2693
13478
13492
3727
14841
2551
249
7589
11310
6093
2114
12910
5254
9655
10162
13584
12455
6906
7044
14759
11072
8091
3558
9781
9212
7152
13730
8502
6107
3049
2153
4925
3237
11364
10330
1233
7400
9660
11404
8562
8157
1198
14710
9683
983
13277
7897
1558
2882
192
1882
11200
384
8698
14302
1088
7358
986
4218
7195
9554
9144
9895
11127
2449
4064
1327
3980
2848
12870
5995
874
4849
8946
11813
10001
3187
13604
11679
11575
1339
5614
979
11347
9418
13752
13582
8093
9252
12619
11914
9865
8822
13715
719
6091
8410
7317
5782
2550
2118
5315
11623
14151
13213
11734
9621
12267
6786
14302
14445
4299
11098
1459
10416
1899
13657
10994
12809
14173
12190
4306
14226
14919
14249
11092
12851
132
5990
3549
11638
1867
8873
11797
10343
8518
10107
13834
12545
8984
1273
10438
8315
2252
12314
2265
1245
9994
8739
3352
10948
7965
2877
6124
12995
10386
13444
10170
3710
9605
8626
12011
6460
6057
8383
6185
5772
5488
8114
11715
9193
10729
9302
8459
12988
1065
11814
2561
10552
3413
933
2385
1027
9754
12395
13554
3177
6622
14155
1348
12436
13052
10056
1334
11678
10509
2789
13305
7909
7002
2620
5976
14922
5953
1819
14601
8412
5396
12883
12795
3946
8627
9678
12775
513
12226
10241
1139
235
2798
5929
5960
10106
13649
8167
1473
11414
9576
8751
11652
5474
9748
5699
14205
8772
6557
10018
8379
6983
1429
10299
8114
13378
5135
11479
6679
7526
10826
4649
12403
1357
2134
12756
9178
139
2163
3768
10115
7361
3490
7718
5121
2397
4835
6763
10420
9834
1126
368
714
5382
2551
13932
12360
14304
14748
8558
1170
2500
3057
7258
4711
14335
570
8920
1998
2750
12044
3819
7936
9067
4295
839
13010
14463
14127
4432
4470
9734
3852
9984
10720
9316
14326
11981
11168
1977
2869
2071
1696
12607
14706
6141
4883
4434
8614
12255
9567
14445
14068
2211
14896
2415
10460
2032
8711
10388
11277
6154
14109
7273
14656
11319
13202
12627
6233
4219
4728
15
12460
12033
9556
3397
5078
1824
14943
14225
425
2021
2803
7049
6028
4039
13347
1590
8621
3497
6675
10288
13755
12702
3304
9001
4798
7682
186
14341
6252
6857
10667
9925
3592
2197
5718
9428
6250
14045
1998
13126
12075
13343
13946
9790
10160
3695
8360
655
14788
562
7768
6480
9946
6870
7113
2946
3017
3328
7968
5542
8774
8644
9519
288
922
8083
4017
1089
10704
262
2615
5029
13405
3585
3263
1096
13864
7660
14370
14215
4689
3156
14645
14044
11492
1486
6522
9845
14048
9899
4157
4643
13169
13725
7012
14671
10311
12561
11776
11514
4294
7540
888
4617
9161
12206
2724
10134
3000
14111
8619
12088
3337
3261
5937
12431
13615
14590
8294
502
4956
9263
10801
8101
14438
14727
6377
1309
9925
8910
12692
2831
10876
10889
8806
1728
3543
6790
1053
5026
5762
10347
13874
4509
1304
4554
12068
4011
2209
9341
13397
564
10200
5543
8758
11080
4845
7837
6455
13597
13178
6364
7844
614
2209
12422
10638
6523
11085
10149
14140
2978
2569
4700
375
12323
9720
3696
199
9655
13557
4068
5431
12047
2039
10096
5594
12343
14292
11853
8862
4287
2981
7197
8604
7299
12235
5514
9350
10783
11108
10621
10618
11660
8547
9676
9939
11370
510
6287
13340
8639
5197
13881
3945
3987
13849
6194
11273
11750
1340
9060
11003
5492
4821
14169
5281
8666
7690
7070
1475
3462
9507
460
13461
5826
9713
7482
12929
13979
4094
7161
14820
1405
14785
900
8888
14812
14387
10445
2905
14549
8686
13840
214
11477
12160
4495
442
10863
8832
10490
1298
8937
14882
4603
1903
12935
6663
3261
1247
9664
14886
5313
378
7515
7908
13
2172
12856
14545
1586
3202
9771
6831
2467
11377
10433
13465
4323
14094
3202
8594
7311
1298
10645
4040
14752
7734
3352
3868
10013
3814
9451
312
3977
1143
6789
1991
9764
9480
2340
4322
14062
8537
5454
7924
201
4141
1956
7675
8909
12292
7342
14015
14035
1725
8975
3030
11511
8529
1546
1956
5968
12449
2344
8993
12320
3914
752
13702
7270
12337
14971
8395
9341
11363
3333
806
6891
8488
9736
10480
2011
12479
12021
10589
12228
13014
24
13616
5160
1288
1106
11751
3290
1963
4157
1095
10571
14762
2344
8456
7595
4644
8979
12015
14417
12944
4550
6288
10534
2300
4245
9182
1354
13448
5010
8947
13592
145
7654
3731
7377
11108
4585
9208
14796
11011
45
2723
5982
13923
11745
4141
10183
12431
13571
1819
215
5506
13824
742
4309
4039
8778
2766
7337
6069
10207
14371
13227
12587
14223
9106
14006
10861
11404
3128
10056
5560
7636
14734
4529
4977
13955
4145
7484
2539
7079
14585
6620
5318
13231
1006
12059
9444
3123
8017
10965
8329
1598
4058
11391
6801
2177
6470
10838
12735
10996
6451
11266
1963
737
3957
5018
2636
558
8835
10550
5415
9922
3143
10334
3057
12498
5750
4148
8414
1408
13048
8887
1051
7385
376
6119
11548
10846
8646
727
7961
5059
7519
8853
10342
327
3639
4096
7834
1324
7039
9137
4443
4410
2814
6995
522
8557
11246
14688
6209
8641
9355
12850
11548
8337
7353
1229
1285
9790
6702
8032
2402
5330
72
3610
14379
5726
3809
7522
10779
6557
14935
2853
10992
3256
1583
3577
3380
10598
13072
11456
8551
9842
5623
6493
10652
11850
3502
8055
5656
11614
8079
10225
10618
8313
5512
266
2718
7590
7320
14740
10973
2144
10119
13495
13005
11175
11496
14420
3139
1875
10509
2684
7838
1322
4875
9086
12991
10392
14860
6735
5673
8499
1420
1366
1383
1974
1272
10161
7568
14711
12954
7988
4809
9271
591
12845
6309
12646
12490
2945
3695
2063
4935
5354
13957
988
2718
819
1777
2125
7332
6566
10658
3895
10614
64
14280
13774
8487
6420
2549
14065
11349
8770
2371
6428
10151
10010
13920
10254
9793
423
7545
14888
3853
11726
330
8049
8836
3602
7874
10395
9076
14835
8957
13906
13112
10612
9528
4455
3934
2662
9980
8027
3816
13304
6618
12181
9562
12364
14174
11595
12848
6902
470
14168
13405
784
9722
9942
12164
9007
8898
6348
11453
1631
6240
14195
13523
7851
6233
8618
3269
4950
10437
8117
8703
1033
9994
8479
7096
5340
11899
2281
5144
48
2054
3418
13808
13366
5390
1695
10822
12067
8591
12100
13941
8555
1153
7925
10737
5006
3341
5952
2250
4000
14899
9096
8980
9641
10387
1001
7728
11038
8330
9087
13045
4818
12639
11589
743
14434
14190
4075
8593
13388
5213
7066
4141
8636
12317
7975
13596
802
9863
1506
11046
14679
11278
13797
3044
1611
9837
11082
6491
11082
13988
10733
7766
9442
1169
6162
2109
365
9302
3490
8323
5592
8809
6747
9833
949
7663
710
1565
5698
1049
7395
768
9977
4095
8804
289
5985
11485
9252
14635
452
5577
13120
1808
8726
10464
2289
4150
6411
5871
12699
10846
5585
2163
13550
1951
13524
12633
12897
3420
5408
6267
1082
143
11176
408
11394
4467
7028
2351
11922
170
759
7687
978
3872
5414
8710
3668
7603
5285
6219
12954
9319
3742
4984
14266
12727
5150
8955
10653
363
8618
4941
12926
5749
12962
9127
7759
7406
4523
10618
7431
171
14284
4428
9915
9305
6164
14121
9929
6124
4888
1004
9695
981
5881
5792
6839
10201
4975
5637
4606
10983
10666
5346
2611
1593
14715
3304
12617
5735
4736
4935
7850
11410
341
2435
13170
14105
6673
605
14701
9555
5335
9748
3745
10427
10160
8801
12768
13166
822
5973
9163
12854
14887
29
8051
7637
11824
10797
13341
14060
618
1646
4587
4441
11034
3235
8586
13810
2017
6999
11514
14513
7328
9837
279
8246
13639
1777
2389
585
191
8851
1181
1777
14053
10672
1503
6963
14619
159
14488
614
10368
14427
3714
11637
74
1745
12731
6515
6124
3940
6935
4786
5523
13611
11917
9210
4641
8615
218
8144
14073
3852
8273
8618
10273
1313
6717
13798
10257
14857
10104
5302
12643
7219
140
14972
8832
747
11460
8269
8474
6236
5092
8388
10079
9237
4605
6633
11936
10832
11408
1777
12930
6814
5949
6081
6310
2672
6037
12687
2848
799
12556
12963
9072
6411
4950
4886
11319
13784
3243
5262
13440
3729
11319
10042
10130
10377
13919
8658
973
12313
14135
7583
8089
11435
5722
5670
756
345
5763
6031
6266
14620
4621
11255
9360
11601
14049
12037
1937
5455
8080
1842
5676
6652
1515
2379
586
5901
10814
56
9664
12249
1196
8282
3895
5283
10992
13522
1260
11049
4129
711
1969
5325
3183
9011
8388
13906
4148
13586
14029
8132
4970
14476
3690
3739
8201
14323
9130
298
8993
13380
6449
8203
6266
10794
13712
868
548
13794
8362
1425
8998
4494
8334
11354
12623
12075
6837
4422
12555
12650
4166
13839
28
10679
10374
957
2188
11829
8555
6150
11546
351
1159
3555
9709
8984
7467
7102
3698
7815
4068
1726
4920
3523
2726
3045
1511
1268
14588
3288
691
12014
10256
11838
11544
12132
12085
12412
1591
13910
2008
10588
4709
13701
5350
5058
2122
7164
9672
5043
12947
93
4440
7936
3831
3562
12071
4705
11886
3345
13488
5278
13659
14961
13114
14054
2010
13956
13710
7878
1690
13991
8380
9497
9740
1733
2891
2980
14721
5664
3924
403
2987
6898
3474
7511
2357
3397
4206
59
11919
11808
12081
14325
10704
8724
9307
12376
2442
8255
13936
4890
5638
536
4356
8307
4760
6320
10791
9894
14836
11997
12350
11621
680
11634
7331
3450
1143
10312
13298
11886
13037
14255
9293
8544
6797
10976
4950
3722
4719
7167
3988
9638
3030
6776
10041
14697
3132
1501
3429
2772
2962
10413
2588
12192
12136
4032
586
9659
13212
2696
14257
12552
14009
6678
5604
2906
5730
6985
314
6158
4238
5582
10606
13780
10760
8872
7508
2672
11868
1777
3397
1600
3349
603
12156
9767
8226
12980
11329
13129
1536
5566
4859
14847
4101
8759
1132
8534
10470
5417
14686
13174
4935
742
2286
1257
11864
9004
1937
5501
7159
9398
6559
13604
12967
9886
4296
12150
10575
11944
9322
9510
788
3402
4316
4566
11576
6918
368
7415
11765
3073
9882
8146
12805
6061
1448
11336
14970
11
3661
1838
7024
10688
11015
8655
2967
11166
136
10693
625
10473
10240
2676
433
2000
7672
2923
8186
11914
154
756
12565
5545
1557
5342
13855
592
9219
2388
623
2000
2907
11702
14786
1377
8831
6736
13141
2620
867
765
3965
7755
9141
7882
9841
12506
14530
6659
11863
8069
13032
2176
10066
1946
5475
10566
14965
14576
10186
6588
8898
11973
6716
12020
4475
3268
8553
418
11091
12273
6248
10555
10175
4077
7207
10112
1715
10185
4285
12438
2074
2420
8123
3167
10808
9015
1032
3517
9153
10084
9679
1899
7058
11729
4745
7463
14448
626
6250
6875
14894
5135
12539
2387
8732
201
11388
12878
14753
6423
6921
3410
11019
1939
13443
2336
12240
8028
14841
4016
8993
1783
976
3999
8466
11028
718
4044
1345
7410
11372
14957
11391
10988
7874
13473
14704
7864
6403
2309
2987
6438
13343
3082
12124
2041
488
12527
6840
4181
12154
1311
4134
10771
5679
5579
12880
3892
2872
13779
11473
1696
966
4206
10136
11414
1785
13081
1537
6271
14432
11847
10790
4544
1210
12331
7444
5846
1634
2458
12922
13872
2887
13405
13370
6963
3553
1232
3574
12973
11694
12608
9513
5747
8793
13966
1888
1848
4428
373
2680
11683
11259
6472
3900
3726
2169
8151
11312
7760
4372
14560
3336
9336
7722
7483
14281
4360
1312
10897
2592
703
570
4499
14594
8587
13878
3608
201
1921
10372
10790
4641
11085
11289
1993
14833
4019
2897
6124
1826
7156
3261
11013
733
8854
2642
3114
7878
2928
13001
13056
3300
4068
9840
8779
3514
8560
3272
8287
10523
1199
9373
14200
5226
11941
7613
7746
10733
6003
3418
13064
10332
13953
3644
13628
14057
3437
4696
2722
1011
2035
14196
98
10894
9454
7426
11590
12504
12158
8345
12053
3330
2150
8587
10095
9331
13817
13459
13809
12188
11755
8493
13285
12399
2632
13575
2478
14817
8139
14584
1492
7193
14061
6291
11527
11694
3079
7694
5381
5362
9203
7927
12520
6953
2834
5079
9643
12919
13633
13860
1629
12180
4843
14201
13133
1547
5601
9940
12261
9476
14085
7148
1866
4288
3620
4809
9147
886
4796
13424
1177
11808
11346
1199
5385
12195
14835
978
6918
13588
8229
421
1320
934
13353
5217
7220
13023
12014
6071
4514
4828
3456
14419
10544
10936
3240
1703
5590
10815
5448
11944
11443
1862
7622
10348
14488
9659
9973
4669
9180
12845
10805
354
9528
11077
2118
4413
14201
14741
13231
9702
8799
7931
14386
12664
10374
13790
14527
11720
6017
9247
12731
7328
6344
11715
13443
9745
14365
5880
5104
11094
9692
2470
3424
6706
12508
2166
13944
4072
1485
14793
6878
3996
2776
13753
10810
3332
10602
12095
6779
4179
3722
11082
11811
5135
12713
7693
13726
12558
2617
1439
10052
5011
5284
11347
10717
8048
13688
14688
6454
10753
13371
5642
43
11923
13314
6074
10124
2377
9076
13789
9710
4561
11666
6652
7474
9519
3546
9139
521
11166
566
9896
7776
1211
7821
10304
8956
14858
14353
8720
2113
3102
3084
3953
288
8380
12799
2809
189
12878
7096
1795
3236
9824
503
5786
10215
12522
1975
302
13597
8909
5989
7530
7319
13412
10840
13790
7014
8824
2078
5663
681
7357
7021
6705
12845
2103
6809
11617
7105
6948
14991
12117
9184
8255
10111
6909
3303
268
10484
7943
8792
5910
10796
6563
167
11132
6128
8864
1235
9429
1679
3770
8617
13124
6185
2265
10175
13761
12819
2453
1873
5457
12178
4328
12945
13946
3573
6198
13491
12637
5134
791
6084
759
11674
9395
12856
14339
263
14654
5674
2875
9138
8037
5672
10490
11329
3653
3066
357
7775
9263
7722
1792
13550
7955
5058
447
4714
2777
2369
2355
8434
1592
7469
37
3445
4757
14390
8181
12958
97
10481
3256
3571
9510
594
1703
4452
3147
6458
13417
11198
117
5392
4217
13322
761
5292
1849
377
14349
4031
6234
7235
3134
5875
5672
2625
11863
7910
775
4972
9640
11985
12809
432
13648
14735
14553
2984
11825
12232
8101
9935
5856
7007
2809
5338
3089
11013
13265
12860
11511
1325
8358
3982
11710
9973
534
6411
59
2279
7998
956
10452
6034
10988
9960
12714
4488
6648
6847
10772
6123
638
3836
12275
13605
469
2411
7394
8147
5187
8258
5012
150
419
2195
10844
13495
7596
5667
9239
6026
3381
919
2580
6347
8759
7132
2913
14343
5882
12808
12877
9724
7991
12889
6201
6702
2545
5173
2780
10663
10546
13144
11900
1952
13636
4810
11650
9768
3912
13872
4690
5091
7384
7914
4437
12407
14380
407
3877
12366
2379
637
497
14551
4199
14126
4358
9904
368
7337
3724
8836
5633
12670
3019
7178
11043
14175
2998
7951
12159
777
8590
1641
11555
5613
644
7083
10796
10251
3203
3512
4850
2950
1702
8029
7280
893
12660
9408
14559
13705
11745
2154
4766
1787
13106
7396
1773
5913
14058
12751
10144
5366
6583
4275
12875
11397
12755
14681
10000
12158
3701
14039
14618
11519
2593
9186
4427
10917
5259
12795
6835
8254
2244
13163
1157
1267
3114
2332
14136
6701
12270
5720
12260
8250
14920
13431
12368
7993
6843
617
6662
5105
5132
14058
10060
9558
3458
3657
11921
9694
572
7133
1964
12616
10053
2132
4184
2093
13247
11248
1496
3825
5501
9602
12240
11802
13739
11123
10665
2279
5282
11592
3117
14942
1891
12393
5318
2200
8177
13235
3671
14716
3700
14488
5298
13596
3723
12521
11566
6542
830
11119
12125
11358
9236
10855
2372
12777
6147
11326
1731
10956
1289
13055
10620
13051
11842
7981
7306
3522
567
11389
4466
9209
8326
10246
11309
7479
14435
7839
11557
14626
13299
13444
3975
5493
5069
8237
3426
4781
13308
12831
1578
4206
5804
13306
4619
10494
10338
11173
4295
7171
9929
12662
4544
631
2755
10607
10918
8494
446
3631
12155
9669
4328
1182
11143
7443
11330
108
7652
2957
2853
1715
13993
1186
7122
7492
11072
12563
12446
12464
14929
14937
9471
402
14480
1254
7803
11634
8955
13761
9111
13679
6703
1566
1019
1893
13517
6147
13583
2425
13075
7179
2086
9597
13140
7027
7420
347
7904
4092
10346
6963
8257
1945
13134
3210
2534
9274
2970
677
1594
7938
10152
8300
6968
3236
14491
12270
14371
1455
1246
2594
2998
3867
10401
594
14030
9318
8158
10326
12335
5065
6926
5130
8535
2414
2747
4839
12546
10794
8321
13335
1523
2653
11645
6469
14074
1403
10993
745
4647
8833
14129
13179
453
10657
10642
6700
11367
6576
1855
8739
8128
13180
593
3382
4107
10144
11293
7800
12361
1921
9670
6675
1482
5209
3121
4943
12398
5564
14640
6999
4251
4718
10865
6709
14139
3653
9627
3991
2651
3544
10033
4058
984
5773
12639
2819
994
11768
7398
4270
3940
1897
1925
795
12153
3452
13470
6074
4747
3464
7225
11962
8430
10351
6050
1781
6260
875
12990
11001
2147
2702
13582
1219
9439
7470
307
417
9126
1656
2666
7615
6682
14253
12542
13523
9106
11076
367
2253
4958
12157
3382
2353
10829
14844
11736
5121
8910
13299
2618
5304
6245
437
7418
4586
4811
299
7024
5233
304
13753
6875
2851
3849
11919
11764
6691
10972
5927
6260
14761
13840
5305
12628
14163
14970
4916
1301
424
7324
10647
1610
5831
2333
13823
2721
7926
2129
12857
2268
3291
10160
1160
4008
4283
1042
8985
1569
6970
5551
5440
13288
1525
7507
11734
6030
1753
7661
7212
10899
10259
10208
11038
11440
11073
943
630
2397
4182
6178
10944
9804
12898
6451
2294
7294
4539
6403
8339
4841
1221
2209
8423
6647
14547
3820
4742
13258
12916
7719
9795
5223
8784
4135
14507
9747
11778
2016
8270
12728
9644
13536
775
3523
2458
13757
3114
2341
11189
13422
533
8565
4378
14639
9417
8358
11556
1062
6381
13469
10373
8523
1640
3514
14442
3127
14696
13340
6623
4855
9201
14310
7115
3228
11627
12143
290
6584
7029
13304
3999
4267
9187
2370
14746
14594
1835
1738
14638
7752
9146
290
3416
7574
7579
9785
4705
4183
14264
2495
8328
3364
14979
13548
12115
1993
14342
9786
9624
6456
2239
14968
10086
3461
3566
12204
8480
1925
8707
12277
9352
388
9623
2351
12028
6613
11401
1889
3605
12215
6949
12708
6076
3990
13444
6230
4547
1583
285
14056
11931
5440
795
11122
14672
4844
7211
2960
12657
8165
1117
6476
7051
1107
5716
8296
7691
6206
2309
487
13874
11497
10279
549
9559
13225
2754
8996
9478
11238
9006
2914
5963
11386
1575
5226
5385
1328
3571
3926
13536
14009
7047
11424
4862
6750
8666
4647
6185
9256
12812
12673
2020
2472
4586
2301
10053
6241
11656
7136
10189
8233
14567
2183
12418
11895
6834
1650
6940
10205
10216
3943
8538
7445
14999
9358
10484
6772
10229
5463
11056
5361
3252
6380
10902
1968
7835
12325
3427
6526
7431
11602
7204
7954
6240
9120
2280
8443
3630
10735
12223
12592
2894
972
6469
7147
8518
1959
3564
7341
11328
8660
7604
1670
14260
4896
7175
10337
13210
14398
9534
9566
8902
5942
14206
259
11084
7312
14881
2413
4503
11892
8172
5523
9233
7541
12710
8716
7126
2977
13644
1914
14441
8659
9671
12278
8877
14388
6293
1616
6252
4247
14639
14757
7251
13214
14592
2076
14745
7806
6071
14775
11857
9992
3033
9023
3644
253
5570
13691
2713
4637
9348
1756
13220
10233
3287
5022
1026
692
10277
12778
5620
3008
14424
9699
7959
1932
3747
470
2477
7115
11491
5320
3067
6926
5577
4784
11226
9168
6378
5950
6287
11001
8644
12711
14229
9326
14842
3294
7766
1707
2194
14587
2622
13237
9556
3614
14461
14639
12507
6377
3602
11848
3729
9160
10844
7878
4794
5077
11037
5473
8899
9427
1317
14959
618
206
6510
229
7633
12045
12558
3639
11719
11253
5662
11257
11531
11575
12885
13725
11899
2372
5277
14573
6035
6259
1057
11633
12779
3612
14363
2462
5649
11281
413
2340
8910
10549
8801
11898
4671
5843
14454
12239
10982
45
14681
3469
14930
13841
14618
6531
4176
14913
5741
1807
8987
10714
7187
9209
523
14053
12682
10218
13778
7377
6132
383
1896
5600
3579
3988
2798
721
11758
14370
14896
11434
10246
1178
13642
10370
4092
6786
3020
13739
4557
11256
8495
4428
3479
10962
6126
1311
13184
1119
13432
3635
12519
4031
12817
7223
12820
3603
10260
2795
8799
13425
4324
679
866
12440
4886
7447
3120
12113
3988
2274
11912
13068
9289
4535
13173
7638
10301
3452
12434
12683
3221
13588
5951
3307
932
12693
12981
11782
11746
2834
14
1413
9875
13336
1909
2614
1736
6887
5065
12814
10768
2353
14787
9473
2185
11103
12245
7594
1614
7063
444
10626
3173
412
2199
2212
5081
11447
2019
10889
8214
4623
522
3253
766
5444
485
11925
13825
905
300
11161
11338
14981
10482
11915
13654
8645
6056
3959
6919
2656
14251
4546
13139
3026
13612
8607
2628
2027
6506
9386
10903
1051
13709
516
9743
11067
4184
1567
7960
8009
13253
13145
507
14602
13033
11532
14506
11524
8224
1778
3976
7528
3721
11251
791
7658
4726
12263
13297
9744
10560
12007
7556
485
14660
5660
4230
13180
9237
3087
12060
5773
1841
14584
7874
14049
3584
4034
4745
8049
4489
7450
12731
11847
10122
1436
13931
12740
1682
1137
1568
2318
7552
12156
1122
3435
397
9270
9278
7466
13712
14237
879
14705
14511
5372
10664
8292
8581
13167
10074
6648
13684
8037
3882
10446
4311
12143
726
12873
8864
2611
2712
1339
14345
4494
6959
2001
604
4164
11505
8406
7657
11445
7519
2854
9745
13398
13097
633
10225
8846
2677
8603
11712
693
1814
8157
11495
12474
1895
4143
6400
2884
12618
9488
14266
12881
6247
9968
13499
8783
10597
836
2302
1965
10148
13156
2477
2463
2269
11596
11127
2173
3283
3930
10223
7035
328
14138
9029
3912
14853
3761
9645
5007
11639
3730
3838
7594
14633
1208
6641
4931
9073
13739
11131
10717
10328
7224
9928
10833
8269
13981
11240
3738
6983
11577
7105
2731
1993
3944
9178
7201
8738
14892
6901
769
6667
12580
8586
6572
5749
13496
14947
7625
12150
4338
14777
5129
1905
9523
9034
14470
2031
5268
13733
7524
2781
9492
5252
12523
8689
253
2755
10507
9744
8475
9860
14936
3754
4081
11391
5100
14670
4508
2292
13138
6490
2468
14022
3544
1998
128
8410
10241
3374
774
3535
5121
5081
3468
12680
2440
9170
6063
4359
14802
9675
1839
1541
1299
12382
14790
14209
3289
8248
7693
12817
6045
13629
8957
3585
1154
9833
708
1087
3825
8596
9197
2444
1988
7415
239
8607
1168
14496
9175
8647
7738
5365
2295
11377
9605
10193
8621
9066
5833
11349
7501
10898
7688
8359
1525
11113
8552
1149
14425
13137
1489
5202
2264
12901
6637
14251
11026
1200
5629
643
8645
8642
2676
6778
6741
4065
1978
13998
10674
13446
14784
8549
743
184
2702
2597
13448
670
11369
5649
8577
8789
3030
6040
5643
11007
19
5521
13743
14003
6518
3783
837
1132
8989
14272
13791
6688
14081
11573
6053
9113
10110
7188
5724
9681
2700
4253
2190
8843
6359
2935
12560
11564
12492
9600
2594
840
6455
14140
11260
1573
10426
6656
3301
591
11461
4778
2396
13611
768
8425
6412
4040
5139
14680
1600
11417
3437
8032
11156
4998
7381
5292
11530
7174
6707
11496
2208
6173
2240
655
7651
13260
8224
7782
7660
2577
4762
1487
1990
5874
6672
10952
11978
10202
4915
7439
13692
13983
13881
1685
11767
10597
7620
10527
11746
121
13305
8530
5888
5409
14589
6072
4146
4905
11414
8179
389
9413
5726
13722
12823
14820
10709
14702
13330
10535
1916
13200
7984
6
14295
3160
7070
5228
14572
8643
309
4490
7017
10154
1011
10246
7817
4090
7208
3095
5741
2538
12746
2240
8835
7849
14890
13981
4963
5398
11121
6194
8114
5604
576
3255
9433
5855
1766
7834
4354
13711
9190
13839
9020
8073
7789
6166
11309
12338
11011
836
9720
5
4623
4049
7050
2456
2925
3803
14163
3597
8049
5304
384
11099
9705
75
1808
10956
7070
3318
7052
3321
1636
210
8454
1861
13117
3334
6768
13289
14176
6569
487
3965
756
2100
9931
8167
2889
11812
10364
6109
9382
1959
14911
3276
8894
9079
9003
1189
6889
14785
2560
4281
1097
9222
8294
13882
7705
7
10523
6770
5719
3833
13432
3006
2976
1827
803
5910
4216
5309
6211
1719
4362
14173
1692
9684
14270
3511
1714
403
9580
5470
3628
8103
4679
9288
5629
72
7120
13588
7212
5566
13598
3722
5090
6382
9723
104
3003
126
2117
8322
271
13344
13280
10609
2658
9521
3227
2181
10605
9786
12232
7728
10082
8082
14198
12645
12742
5928
7412
8072
10447
7258
33
187
11529
10040
2443
11898
14000
7673
5513
5018
2678
4810
4764
2542
3230
8790
5873
13693
8445
1045
8145
4073
1739
557
5882
71
2242
12928
5636
6427
14909
2492
14394
11313
13483
2203
1705
571
10443
4691
1040
9528
7594
10382
583
5783
8699
707
6199
8329
7051
8793
2757
13963
3404
4325
14038
1794
5009
4753
12149
14791
6733
11023
6992
7113
12651
5250
5590
6101
7336
6461
12520
11541
9931
2852
7922
13946
9272
3136
12898
2733
1234
11489
2460
13904
728
12145
3322
6482
7334
9910
4308
10363
9547
14670
10118
9359
4335
9234
2976
14885
7150
3112
3211
1463
13249
6415
10340
10435
9031
10384
6840
8177
10290
4966
13103
5095
9604
14859
14755
3894
12683
1407
13997
11750
4678
753
11490
12809
7748
10437
6043
9035
6015
9635
7720
4713
5361
6892
11631
11480
10900
7496
13805
3108
3297
2148
7337
10578
14861
9457
4641
4710
7902
1950
13946
13056
2276
11494
8950
8511
13428
3511
11448
8251
10132
14615
3227
989
8157
1534
8293
14913
8308
3207
9801
13445
2710
14000
8871
11868
3621
13483
13205
6258
14033
4031
13877
14247
8214
8182
12042
10053
11362
1588
12867
5399
7754
3307
13391
10996
14723
1588
8566
1073
4201
7676
11866
323
7832
7763
10908
13663
2150
8726
5039
1670
79
14087
3862
10391
1629
8925
10129
7558
12806
9282
1078
8009
3458
11883
9514
185
10775
8972
9534
14146
8996
12290
14105
5345
1376
1224
4702
5077
13761
2302
13633
8772
13422
1992
2029
14392
2685
4577
8656
825
5012
9883
4210
13111
4476
893
1319
3167
2682
8775
12757
1264
1412
2370
13314
13803
953
4927
1764
1585
866
10992
2677
10004
272
9015
10947
13379
13843
14260
3388
6772
14813
3737
12864
1967
4862
5801
7093
5758
14165
10473
924
12836
4208
9266
13069
14563
4434
6863
5673
13932
10932
14622
558
4163
11689
9881
1134
10212
10178
5553
362
12991
13413
5987
6519
4229
7011
6247
9952
1243
13470
1268
14034
10256
4492
5493
14690
6658
3369
13678
10789
13996
1791
630
4770
7623
2022
11505
13197
8904
5815
8482
3603
8385
14630
12451
6539
4179
254
971
12882
3083
12261
4051
198
14472
138
9332
13067
7165
13542
585
2000
6985
3745
4392
8515
13634
10377
7808
4311
2588
5000
1272
10613
6573
5272
7136
6813
4176
8439
1402
2167
4053
675
746
5377
9023
972
5140
9759
11908
9159
8471
4884
13446
10517
1603
7750
3651
9992
4737
7072
263
6670
14251
12588
2781
8195
59
11499
2877
10372
1948
7627
12361
4178
5411
10987
6304
5706
7152
2113
8001
11060
13756
12451
3817
8264
816
5975
14870
4707
5973
5851
438
14109
8436
6674
13924
4976
7596
6392
4636
13633
5526
4032
11910
1502
5622
3997
14698
10518
13365
14372
5409
7988
80
6276
6325
2702
9695
4834
5095
6692
9653
5841
14942
2516
9558
14408
6762
14988
10368
3512
7145
11168
9070
5313
621
1141
5583
8133
7747
9396
2734
6644
14823
2354
13590
476
1665
530
13427
6547
11507
9392
11526
2703
9422
12469
11563
14798
5302
7671
2450
12390
9690
11301
3568
12329
1931
11099
3261
6487
2683
11649
6051
13359
14499
11025
1312
5561
10670
12238
7218
6629
4057
14879
7610
11432
4802
9095
4673
562
143
7300
5201
2491
10280
1784
54
3151
7208
12140
8179
149
7299
8386
2230
756
12450
1332
5753
7386
10227
7195
7365
4100
1414
11079
12544
11471
11471
883
7386
12453
12147
9938
4026
10607
4260
1000
2548
6143
11942
7199
3907
11506
1175
1894
13681
5719
1430
13687
278
13279
564
7485
6691
9470
464
9751
8881
1959
3310
2996
12589
5674
7652
11352
14634
9346
14570
4081
1396
6592
3015
7574
12820
14519
13503
4886
12139
1830
2641
6539
13484
11210
11113
10782
3048
9130
12303
9249
14616
5339
763
14258
12281
9639
543
11234
8006
10031
9680
6731
4519
3942
4166
14691
7091
12009
3342
672
13739
4894
12107
9169
10875
9026
14474
13092
1414
1285
1989
14876
10638
3429
1870
5573
4550
2067
179
9493
11331
11075
11599
2451
2071
10535
2591
348
14418
5803
7117
13497
854
1754
7246
9848
10605
311
3734
10203
2493
1143
8591
10852
8467
8095
10359
12842
4357
8875
6361
6825
11583
3586
11783
14224
12265
13466
12720
2379
7970
14271
3242
2268
14661
9435
10480
2456
8572
12185
14417
89
7056
8649
4682
4516
1645
13904
13890
12044
3191
5717
10595
8561
2898
11792
10201
13134
12923
13764
1254
13964
5328
2416
1430
4491
7019
1570
5993
4253
5055
8770
4450
11974
9210
4757
13450
2378
14315
4339
14966
3723
9036
6258
11421
4432
8424
7159
1579
1830
1807
3373
14471
14188
2731
2218
1199
13706
6101
7322
7704
9664
8417
10710
14884
14321
1032
13599
14349
6095
13640
7598
14849
7336
8072
4512
14820
10119
8161
418
1868
1699
8524
1710
11085
6568
13930
1577
14857
8613
13564
13300
307
7798
8940
10820
8413
744
8480
8418
10385
5873
13488
6067
1247
6046
10564
4031
9321
762
1707
1050
9004
14706
8956
6320
8280
1883
2302
1379
13497
8874
530
14446
6370
9797
10317
9636
1724
887
2675
9561
9017
14339
508
8776
14506
10371
5273
9786
1558
6147
3421
14998
5687
13279
1587
6156
5875
10890
1110
12784
8291
9492
12023
7789
12035
1431
5015
5858
8762
5841
3515
7114
8324
5388
10340
3348
13551
3500
1839
5618
3710
1811
14161
7883
5875
5032
5733
12371
4913
6875
14000
7943
12911
7389
9750
4144
4325
3283
12028
256
453
288
11649
9014
13462
1630
2353
13783
14132
6652
11087
5591
4655
1751
14987
4928
2718
3359
7139
13188
6255
10351
14754
521
14455
3872
6389
14292
831
14876
5777
2928
4357
10845
842
3784
7762
3681
14814
14973
8679
6001
12435
12084
3783
6743
6179
10701
5300
8738
781
8069
7016
14722
295
2099
11750
1564
638
10125
347
13561
5353
14773
375
12443
1040
10716
5983
208
8050
787
12588
6604
9131
5314
6127
11796
4828
11340
11565
6444
5828
3889
13066
11423
14734
9165
7725
5772
14414
973
13537
2859
12984
13984
6584
777
3926
10822
7968
9001
10475
9756
3689
11231
6649
3681
1388
1619
11087
6140
1441
5439
10852
5647
5918
12226
12116
14927
1580
4930
4552
2524
3934
4959
11272
6357
2982
14941
6025
13466
3604
14373
5925
13508
9568
3781
3275
8312
14814
13973
11835
2859
2849
11497
5255
5859
9289
527
9726
1686
9102
10708
10577
2687
11490
8847
6261
10250
10831
4710
62
1240
7146
4682
9513
3020
2571
11580
2276
13029
6889
5476
3732
14301
4907
6
12126
9251
14856
5124
13911
11249
7588
1401
670
8635
1485
13214
8567
1935
2381
14467
6935
1406
4242
14369
6978
13411
7177
6349
7249
14955
12405
11932
3616
11619
4564
4416
12171
2170
2124
940
2264
5562
4103
13607
8564
3052
4728
14162
9328
14936
5468
7350
2874
1333
10921
6714
11694
6223
13754
10291
11207
1071
11611
11280
8606
2684
12370
6614
7375
2456
7080
8453
5358
10076
5507
12988
7591
7659
3355
7664
9870
4781
14733
8183
5531
4129
3681
6443
12341
12454
5190
7930
13478
13547
7644
13041
5227
5636
8260
10299
14956
5202
4696
12312
12248
9118
9165
4421
9790
14481
12487
4135
13237
3853
4153
4365
11357
14576
13026
3960
7077
4853
13082
5835
7957
9164
3161
6978
13472
9454
2174
3171
12149
12071
8965
11451
3658
13519
5233
6981
1430
7962
9032
3771
2604
6652
1154
4105
2138
8969
798
11531
3125
8007
4555
4586
8779
3552
63
6770
8692
7846
5614
10116
3163
7457
2292
2753
10532
11924
9171
11589
13046
5064
116
11999
9181
2811
2891
10352
12754
7205
8884
1847
6137
12232
11454
13468
13713
13011
6330
1665
13800
11640
803
4904
11530
1923
13849
246
3748
4997
13393
3938
13414
3895
293
2310
126
889
7110
7570
8854
10784
14114
2867
360
3353
13795
301
679
11555
8952
9673
6245
2022
7881
11058
7445
5009
13054
14502
10451
2790
12174
14428
12502
7659
8599
12610
7562
1152
4461
9657
11441
9724
5054
12832
8374
10534
9433
12781
4178
5793
5057
8926
8119
11988
11230
14093
1192
14397
3544
10282
6285
6168
7245
6724
5548
14081
2300
12982
2776
5795
13206
6322
9426
10705
1070
227
11854
3986
1295
13285
6603
4840
11357
5589
7889
9729
10285
4176
11089
10914
3748
10061
1493
51
12631
10927
12060
6707
7424
6221
13557
7469
13304
12770
14456
11144
8178
14680
12677
4497
8294
14032
5132
14560
893
6628
8043
7612
5904
13361
5339
5523
9750
14312
4202
13503
14864
4186
8241
6294
5221
1100
13022
4528
7994
9622
1288
11380
12121
5097
9080
6284
5379
9594
948
8474
13944
5743
1405
10517
13537
13518
12402
9119
10799
3887
4428
2010
13607
7560
8597
1299
11030
11554
122
8578
14826
11238
3496
12650
6681
5148
10014
11034
1424
12173
3163
11490
7829
12436
13956
4249
13943
12706
1642
5339
49
14201
5522
12879
11756
6421
12653
6084
11745
12088
5937
2240
7487
9676
11636
3874
2631
2553
8546
10286
6058
1788
4197
889
14365
14469
14378
3109
2242
7622
1174
1363
14049
8267
13686
7147
7622
9730
4146
7911
14364
5109
12530
325
3553
6727
9869
6273
11111
9534
3861
2689
8320
9251
8969
3748
9045
7593
8036
14203
2668
8218
9827
14412
11607
10102
1265
12694
14631
4687
2046
13965
11348
12340
7902
9232
9141
1485
3000
1764
10724
10797
6925
8298
6928
2119
13964
5645
6030
12212
5765
6898
13034
10473
5865
2353
23
11268
12422
13762
2499
14225
6597
1083
14027
2324
8759
9508
13143
12924
159
8731
527
5480
5921
13996
13221
246
9657
7928
9146
8669
11861
4813
7189
9699
12455
13109
3636
11409
12400
3090
10018
9520
6471
4023
12365
855
2596
3019
12271
7590
1673
5464
12776
14741
12857
3176
7149
1359
14697
1755
913
9880
3769
12054
4126
7118
4161
2528
9975
5966
5494
11017
4576
7787
2081
2637
3339
11916
488
8484
8536
12046
12625
2514
645
1214
4567
9484
5755
13500
8229
1
14356
1422
12844
10501
6871
13677
9153
2091
4532
11364
10365
2262
12792
14396
10142
7229
6279
9178
14856
14138
1300
13582
4807
1532
335
14411
4202
3487
12943
332
3964
388
1396
3966
11315
12350
2252
14425
11391
1600
4367
4697
7378
2522
4411
3970
2479
13092
20
11188
12202
8140
13663
2648
14615
1636
12453
8901
6065
7137
12041
8430
3119
9431
672
11588
8328
12351
14766
3918
3843
14636
367
1976
1167
1449
1404
14416
2383
14137
11586
11464
3424
10468
607
746
2465
7619
10187
13888
6066
4545
7967
3430
41
13764
9264
7779
1518
14273
9164
4375
5773
2679
14446
12488
8302
14212
741
499
14242
5634
8518
5622
7846
12944
13537
8380
6930
7084
8526
13255
11710
14798
1763
14281
5271
100
9941
2475
14089
11958
1408
6487
1631
10581
10430
7293
5200
11449
2896
8279
14576
4022
2278
9
5465
1508
12102
9920
12161
3690
1669
8533
13178
13564
9226
8383
1960
10403
14289
4925
13098
3818
9395
5582
9476
12138
642
1097
2383
5296
13012
11885
8196
10803
7437
12897
14261
3085
12177
11264
4031
7855
157
4055
14876
2821
1169
7984
8489
1476
5223
11064
9125
896
6144
5876
8316
4421
3439
12332
5775
10271
10499
10376
10924
647
10542
3701
109
10494
11015
1706
6270
1271
13409
12099
2121
8391
13640
12993
1087
8844
12722
3230
5039
10206
3719
10248
3962
5871
6734
4779
14811
9466
5467
11366
2934
13260
2857
12218
5068
11721
8860
5033
2087
10
2413
12668
1263
2030
13898
1538
1445
7855
1737
12888
9427
1798
10434
9040
3717
3122
5539
8636
792
14906
11454
1964
11395
1851
1746
8093
3758
8551
4989
13869
14144
14830
228
7686
8265
9019
8004
14054
13795
4053
13166
13301
3893
9936
9278
6111
1697
2612
2190
5947
6410
5813
9559
2813
4076
13390
2954
2186
1485
12407
247
3085
11351
12736
9766
3962
3706
11842
6708
2692
11585
13986
12728
11015
853
14107
9528
5791
2188
4390
9641
3360
8137
12908
6377
669
5234
742
8123
10406
8695
10958
5903
10650
9445
7395
11402
6883
51
11515
7805
8620
6973
893
2234
10335
14974
13915
1762
6799
10404
2980
13255
1722
10319
11781
4367
12128
7404
8741
4148
4715
7847
7696
152
2854
9203
913
2116
1251
157
1414
11346
5334
12413
2572
8344
3966
4045
7945
8597
4059
474
12441
6768
6309
2959
13777
10678
9343
2392
3759
3896
7081
5999
13329
4829
6559
9084
251
4619
12049
8591
2312
13094
9123
8358
1979
1674
5584
9965
10406
4154
11746
11792
2884
12317
14642
13995
2147
13327
4388
8949
8593
1021
8708
4248
5067
13710
5007
4137
272
2759
9864
816
7597
1385
11072
2046
10367
7989
6544
12931
9873
10384
11353
1610
3359
9005
954
5077
9968
7649
2719
10002
6714
706
14136
8944
5261
9691
13830
13928
1338
8136
1451
9802
10493
10474
5610
11653
8794
6044
10710
10273
13379
14908
1285
11881
2767
14050
7973
11810
9758
3040
14889
13587
4796
3100
12202
4370
847
9177
2001
6383
2998
1692
176
4673
5325
11900
13101
2662
1232
46
9736
13339
6959
13482
2828
13518
1101
14799
14988
1579
12466
492
5914
9604
2582
7489
5821
13505
10498
11743
3535
7218
1546
897
8874
14401
1265
12603
8352
3084
5884
14852
2578
5553
321
12889
13858
14596
128
6222
3741
2313
10356
13272
1083
995
7183
13200
4548
5740
7299
1117
7165
11690
6817
6741
4252
852
11125
8261
1953
11687
857
10112
2237
9324
9384
11660
11229
991
506
1791
2169
13050
7302
9445
1407
11153
607
433
8555
6773
10197
2301
623
12341
1534
4117
3866
7281
2100
5349
8180
14532
12407
12220
13975
4362
7939
9703
13514
9705
9688
8862
3098
4399
4947
2657
9057
2120
4364
12429
9658
11911
10326
536
7825
2224
9313
8171
14742
6635
6671
563
12084
5556
639
4921
4682
6733
4031
13531
5229
9225
13313
534
14414
11967
2864
8678
1147
9281
28
5490
10381
2822
6402
12877
2332
11824
10554
14197
6913
7248
4114
4556
3506
12899
5012
2322
14745
7533
10780
7346
494
11723
7175
4115
637
12657
8359
4210
11504
782
12821
12528
1356
3564
5026
4577
9985
1811
11671
12305
1432
6235
11174
8074
6498
5764
11599
172
11971
6060
1541
13626
2590
14217
4021
7644
12407
1707
14072
5332
9166
10753
1725
13889
11517
3439
7133
6712
5398
12814
10386
11981
4321
1032
10631
10404
6658
10970
4985
2520
14968
6157
12054
11470
4154
12009
9223
428
6440
8841
11229
8850
9404
14941
10867
4010
13368
452
5481
5543
9684
14528
12742
14973
14065
14458
8247
4617
2291
9135
9332
14148
1064
425
12015
9733
4941
4497
85
12638
3427
10673
11019
11028
13348
569
11191
13559
14084
14196
8498
11367
8320
8836
7604
14238
11277
8870
4261
3610
10571
14266
8429
6347
5306
14301
12643
3091
169
5400
7549
11165
11095
1226
13123
1686
2279
9578
1676
5049
390
12351
7243
2969
5780
3886
8983
8140
9688
3692
6779
6327
5676
10118
852
2389
14848
6239
2961
4501
342
5069
12901
9614
6750
11637
8593
2920
3107
6223
12596
5034
10959
6271
5709
6441
5213
10042
2138
12290
14256
5333
14775
11153
13363
11292
8662
4484
2859
13096
13137
184
3006
10426
12693
2429
8130
1511
4771
8171
9110
10700
14952
277
9264
1828
13211
13563
14194
10241
640
8262
10726
442
14074
5318
13192
13450
14542
3962
3576
4557
9245
7012
456
8715
14678
10972
10249
14061
4864
244
4441
12069
1392
6549
479
2188
6902
1957
2532
6619
10190
13015
5600
36
13686
2349
12751
4098
2605
7343
1634
13166
1830
2022
9589
9962
13969
12764
9616
6552
11067
4519
4260
4083
2706
9433
4972
11002
6250
6869
11800
12647
1554
4095
6073
953
10366
9313
10035
14572
5393
2725
6461
2953
3119
11126
8899
12034
1466
7429
9989
13327
2153
1192
2978
12662
5197
7211
14119
4524
6568
944
9039
5964
13400
12902
8026
656
1715
2529
9740
3886
6351
7815
5073
2633
12540
10236
12120
4484
10410
3990
6472
3019
5879
2461
12081
12287
11
13143
1066
2855
10770
5213
8595
1699
4522
9594
5111
12168
9226
8987
3212
3807
11313
2503
870
6119
11456
6381
11685
14110
3842
11815
505
13102
3134
1674
13393
9895
3807
10473
11018
4712
8079
7346
12372
2574
3184
2678
10062
458
2508
7591
618
12953
2514
10133
7340
9854
11682
2273
5854
3117
8229
11057
6806
11332
2174
1601
12884
12164
9745
997
11911
6846
5131
10837
2544
12716
7478
9297
7279
10141
187
4180
5805
3364
1837
1014
4782
8817
9513
918
6694
14773
1650
6806
9013
1548
9140
12132
13830
4680
12688
12168
7379
9810
14207
8999
3730
1910
5570
12060
8978
452
13133
3257
3059
11526
9420
7178
866
10322
4624
5328
3286
12426
7128
5653
8919
3464
6398
11037
3937
1287
2839
590
546
13954
465
5253
7130
2376
13721
4770
7253
2059
5243
4615
645
11909
3850
14364
10209
4758
7654
11645
378
12376
12689
1968
11643
12755
8843
9672
6506
12894
11132
12289
4350
14024
13688
8370
3837
11775
5749
667
4269
9644
3634
12931
1536
5789
3706
14958
7246
12161
9439
4786
394
4894
4493
5522
4336
1458
10557
4747
11501
7112
12134
6941
12102
3454
9464
3327
8849
2205
13130
11404
10722
11197
11187
1262
3162
9737
13698
6992
11045
8789
8376
976
12807
1160
8350
6657
3094
6242
9795
6331
4763
1218
10497
224
6753
8653
7049
11311
13633
11595
918
8171
1849
11259
2583
12464
8985
12772
11978
13140
14427
10349
6127
12249
9470
7253
5290
698
14595
11821
8716
4361
13112
4132
12426
11816
8878
13406
10059
2713
1457
13139
3524
7656
13540
9496
14679
518
12471
13520
13181
13482
10055
2326
544
12717
11452
2106
1832
2124
11762
5034
12060
3003
3879
12673
8260
11859
12761
9561
11736
5371
2017
318
4327
4725
10171
12756
7634
5495
4554
13823
13857
8365
6727
13931
4625
980
11989
5673
10618
13301
7553
10632
6835
10911
667
6909
14735
7370
6079
6289
10832
10741
13562
2128
9921
12221
3749
5080
1093
2468
9089
10428
5684
10012
13635
5866
11741
6364
6727
9088
14007
10224
4989
10834
3872
12990
13473
10465
14579
9462
6153
3946
9855
3646
2885
9977
6914
2109
8026
13448
7638
9271
899
5023
3561
9915
11302
1131
11061
4970
4312
22
3941
2924
2981
14532
9407
3617
13038
4861
4230
296
10406
4683
10898
634
4218
7820
3732
11591
2513
2564
8417
4518
8561
1082
6842
5243
7196
6206
10692
8032
2139
12716
5165
6635
6673
8982
10118
4906
3332
6156
7330
6162
5706
7373
3495
2479
12351
4747
14966
4533
2972
12440
2358
822
8101
11560
6635
608
13214
8599
1048
12428
12589
7566
5406
7933
270
10014
10891
1298
1519
11149
12406
10211
7638
4335
933
1487
10635
10222
506
2055
14037
2127
5589
5305
5205
7812
10825
4551
9331
5644
4171
13977
3992
11046
12745
14229
11177
8469
6444
722
7212
3413
7166
8893
1961
7825
4949
8482
10130
11085
12087
5463
2042
1771
2966
3012
13528
10378
3866
5766
8097
11913
5443
9247
6158
14768
5695
1397
11927
14066
11407
12921
7594
14696
14742
1900
6940
9052
7212
4153
8127
11739
3468
10443
5053
3585
6319
2405
12441
8815
4111
2034
10390
6141
5879
833
6973
14052
12141
14451
7434
12452
229
5847
14120
5381
3632
5424
5291
1423
4824
1791
12856
11128
11442
5385
11331
12738
12956
13779
5861
1948
5055
6522
10170
10090
10293
1530
11194
6496
11207
5257
6525
6410
13110
1638
8274
9278
8968
6675
1094
2740
1100
7260
9444
7974
3843
7200
377
5353
10838
5468
1515
8866
9518
9272
7816
8471
861
7136
7340
11684
13952
9281
9326
3907
10711
9241
3365
14974
1999
3788
8832
4094
6870
11717
5876
3556
9916
3166
9450
6924
11219
2417
13182
1878
10301
13413
12333
7599
11863
3195
762
14482
498
13230
2075
1458
6126
1236
6099
924
12975
12154
13510
14014
1767
14709
13697
7893
3652
14255
14632
3462
8710
5309
11569
157
4276
5289
6836
14810
11582
10773
6381
4729
6046
7164
509
7944
3340
14641
9625
4145
7823
8137
7878
5755
6734
9041
7538
10612
2097
4919
9546
12625
10891
10126
4046
8285
7433
11677
8361
3049
13626
11151
11693
6380
4118
6977
3655
6470
1788
1901
10255
14107
4725
5336
12671
3456
1573
4172
14916
5949
11458
2672
1195
2049
10842
5521
10871
13028
13023
11375
12970
7675
10795
14036
3792
10496
11707
5841
6395
13229
5033
6756
7036
14017
8856
13281
8229
601
219
8393
5268
13352
11722
12763
14709
14771
7311
9729
6526
13330
1155
998
4768
4156
13177
13081
13017
391
8554
7083
10527
6583
3095
10154
716
14962
2410
5025
9462
6010
2889
5516
928
13752
6401
1239
11943
11937
4124
8626
7672
6806
14060
4751
1067
10444
98
574
6503
4900
14218
2631
1880
117
5953
1035
12198
10735
12893
7040
10344
14106
413
11905
2103
3653
12468
13859
5777
5054
6714
5332
8580
8154
5258
10502
10595
14330
233
8955
5852
2803
4357
9597
752
2278
1353
2606
898
9380
14411
8079
12734
5470
649
2
3092
5372
7138
4927
10907
11187
8900
2672
4760
4937
8159
3816
3326
8872
8403
357
6860
12016
3498
9948
6647
8570
7258
5615
5960
8979
10168
4041
6756
14118
2276
14797
13024
14012
14264
824
9443
11028
6700
6612
13282
8893
10126
7641
12698
13356
12107
5905
13968
2818
12651
10370
10239
11754
7075
9922
8790
3851
6736
8936
1986
13907
4885
8826
748
6817
1631
8181
3578
4372
631
6534
7101
3501
12887
6575
13894
1380
733
14645
13934
3302
10299
11221
4053
5484
12339
2728
6111
6687
731
10916
10199
11367
3549
1637
3335
12795
2491
4841
2353
5394
13389
12985
13907
1321
7310
184
6608
4039
13581
6171
11276
3542
5152
5093
3443
12401
8750
372
1323
3078
108
3500
13446
8377
217
7466
11687
12954
13197
12389
8918
13841
2820
8628
9655
3817
9804
4694
9112
5526
2561
4551
1968
2086
7319
14981
2506
1169
5728
6115
13035
4552
1970
12065
13947
12450
9547
10408
6687
4474
803
10823
10377
4467
4443
11717
5108
5918
702
14617
12630
9594
9921
3753
9608
282
8539
2488
14380
14291
4957
12448
11679
8902
3837
13425
13331
13189
3803
6710
13476
11376
7838
1253
12173
3827
11441
8043
10867
3732
13525
5753
9018
11698
13668
916
11575
1765
7479
5035
1422
5314
5623
14663
6293
7733
9345
6604
10264
7815
7275
10194
7410
13399
5930
5098
2087
4493
6622
5738
1649
11090
13345
5900
3926
14589
13962
14501
12479
9170
14896
6455
6558
2710
4311
2229
3237
12514
7565
1449
6793
9984
2162
3127
4300
4729
12869
2101
2474
8774
4139
8903
2958
12760
988
275
11889
2231
2904
9782
11671
3421
3676
9971
11879
2153
1659
875
10986
4587
6558
8362
6273
306
13034
10778
7114
8953
11895
7048
7618
2745
5051
5748
10651
7385
6130
4112
3105
14369
12270
9537
4874
425
1028
5801
7119
4801
4183
383
12871
14651
535
364
5158
575
12676
210
14412
7838
7530
12679
14886
307
14351
4661
6186
4771
10984
2246
1146
5323
2446
7343
640
3064
5146
958
14535
13060
3773
13736
4172
4208
4256
663
13434
312
4812
9769
3567
14275
10747
9519
8382
11088
12864
1670
2040
11926
61
9375
6594
12647
703
3847
7628
12614
6861
2482
8625
14861
1730
6869
11923
4855
7429
4722
7938
4955
13548
2769
7998
2804
6702
11387
10238
7577
11257
5188
2789
7174
14466
7804
6359
1457
1441
896
11273
229
550
9202
3259
13081
13366
5413
11290
2579
10517
14268
13881
8028
13576
9643
13881
272
9032
3260
6219
2993
10481
9867
4767
5585
3681
5057
1259
1536
2656
9624
14458
9954
2796
3223
12572
373
4455
956
13330
5884
6419
5921
10458
6150
8395
7597
6398
5251
12842
10498
3013
6615
10943
14543
8248
6554
12104
5411
9220
7103
7666
9460
11680
13769
3551
13398
8414
4830
11767
13197
8680
6736
1290
6076
14377
10723
4494
714
2072
2383
9395
13990
14381
10516
9750
7263
11771
13371
4691
3909
181
6312
6946
11493
4453
5574
2134
5785
13653
1027
4317
7295
7598
4715
787
9921
11535
5991
14381
7807
9917
13127
5843
2519
4532
14555
3883
14299
7209
12889
13489
13792
6976
5721
8848
787
5773
8722
13294
12394
1840
8310
1483
7153
9082
11272
4709
7888
1652
1151
13165
11096
8798
11930
8119
8666
14451
421
12376
7006
11274
1914
7011
5324
8819
6161
7115
5495
182
8763
843
6820
1551
10403
10546
1574
6524
6808
14356
11178
11105
5914
9987
6056
14731
2181
13281
13879
7697
7467
4023
13452
2995
3803
8568
3147
10700
1903
2448
4293
3300
10304
1891
6016
8980
8118
6033
130
6771
6693
5718
9622
9619
8025
9482
650
4338
10141
4229
7168
3695
1501
7871
154
6639
10062
2202
4131
13448
11331
7449
10478
3612
13891
3571
11266
1915
9911
6241
7655
4250
12991
6882
12519
5432
4994
2549
14138
6176
4717
556
14983
8551
688
1901
481
12406
2919
1291
9578
5213
1856
13469
1326
7532
12792
1206
6071
6050
7683
2193
14213
4928
10962
14254
7892
12627
9409
1338
3859
9913
9910
3950
11179
3828
12006
9197
4661
5289
10776
1232
7662
5644
61
13464
508
2069
10067
6199
6841
3457
9183
13185
12352
13778
3630
4127
13751
3852
11660
11287
962
3383
9025
6335
10689
8611
11811
10842
13961
1014
821
11873
8865
11883
14628
11754
10689
9784
6534
10537
11791
14729
9650
1795
4399
8458
2284
7329
7987
11259
1599
8509
10750
12377
7733
98
1895
12066
7095
8107
10986
1108
8547
9413
2052
5523
10694
7793
666
14525
5578
10747
13190
891
7505
12266
2485
203
5700
545
11364
8119
1554
3331
14490
7743
3857
6096
4956
5688
8020
3563
3615
376
11604
5957
13990
13011
9035
13124
5756
8583
10116
5729
12057
13923
3021
2926
13441
7826
12035
3645
7175
12604
11029
7473
2654
13528
7120
13438
2623
6336
2717
14595
876
4929
14659
14309
11327
3279
5253
5280
7140
691
12167
12893
11670
7853
4471
2751
2032
11207
13985
3346
11398
91
5818
2379
2134
6084
8744
12795
4158
1171
12643
2294
12959
2351
13023
3326
12410
1738
9225
5833
2212
7513
13374
3924
14551
2280
14450
1085
11608
1817
628
14344
8527
8720
11747
8061
6408
14598
8169
3386
8965
1433
2540
3074
7901
7175
4606
1938
10244
11441
2700
7236
6781
3783
13645
544
4299
13085
4936
11464
4183
2015
8619
12887
7529
6927
4152
6044
1023
519
4406
4876
12240
7867
6907
1193
6640
14399
5068
7592
1036
14694
8398
6585
4863
6783
13160
6571
9525
2503
6675
7272
11895
2251
337
11631
11058
3365
3058
10482
6261
8757
14186
14593
10817
6314
1441
13203
4968
4722
13209
13564
7186
10192
6315
11717
1357
487
10051
9601
13
10757
5762
8899
6977
11554
5412
6992
11871
3
12090
4062
8167
9821
3898
4937
2699
5078
9747
8857
3022
12256
13377
7449
14353
11621
2145
14021
5602
6372
2675
4410
13114
12834
4230
13605
6033
12680
13972
1025
11829
777
1925
1039
2174
5417
6298
1700
11939
8646
7023
2754
14363
1061
6105
12663
5224
14082
3620
10437
4336
4140
13327
12755
12352
2185
9224
490
1787
13895
32
1300
4598
3213
8855
14441
13134
5567
14213
13558
5236
13097
4344
8292
279
10953
6127
7904
13038
13886
10176
11849
11686
11861
10792
4387
10514
5792
7214
11183
4368
2340
13553
8385
11204
4732
13765
10194
12188
8749
11408
14164
14667
8751
1998
6005
5368
7183
5080
5816
2901
3160
4340
6194
8196
8420
7334
2764
4614
5314
2889
8973
2438
848
6483
1476
2643
3638
9162
4450
4091
251
8144
1660
9776
11265
3218
3311
8537
7732
12508
642
4042
7142
13161
10938
12837
10431
7810
11752
4398
512
5284
8492
1308
7321
6722
3392
12068
13137
10096
3788
289
5511
14053
13407
4503
2772
3409
5772
7662
1832
8486
7218
11902
6922
10668
8751
285
9874
1845
9767
7981
8832
4601
4395
8079
12453
6724
11477
3175
11813
4584
10937
6601
13159
13932
10517
11800
5275
6212
6761
6033
3119
3924
6740
12138
5492
10829
9327
1136
10248
1765
9275
12812
3151
2246
12341
6949
3628
11974
9503
14280
2123
2124
13216
4304
752
4696
3351
8862
11118
7222
12296
6973
9320
14800
7986
8098
7965
12276
7526
6011
11277
13118
14835
13624
8273
10291
2754
7952
6349
11979
2554
1069
9103
11310
12581
1237
2422
7034
8654
5129
4088
5164
6638
12800
10649
10648
12967
5835
14217
14546
9483
14854
8580
12913
2625
7904
4736
10807
10260
11201
2011
9963
3600
9107
5484
12758
735
13091
13260
11203
2770
3546
2488
2602
10733
8770
8711
979
4548
6202
4137
11953
2998
7460
10323
4702
1272
2214
1129
8833
9620
8390
14548
6492
3024
3563
4477
6546
10423
1598
9626
14254
13551
2495
11394
7352
4964
8360
2869
10833
12883
3883
650
5059
12989
13070
9732
4585
7508
608
6048
12002
12741
2430
10094
14297
3127
6944
6490
9894
10404
391
7751
2957
4955
12398
2225
10119
7924
2993
1399
6775
3167
662
13353
13053
9912
14441
7140
2509
9767
12401
10261
9947
3505
13016
1117
3075
2594
8816
14647
10388
1466
7658
12031
14165
2263
4737
7965
7751
9152
9930
11806
3604
9103
1742
14901
7816
9435
2587
8827
6679
10695
13374
6717
6361
13586
323
1296
8184
12616
10410
5664
2142
5495
10218
6379
7001
6165
9396
11265
1145
6677
2198
4349
9374
9221
5327
4828
7050
9992
6650
4071
11124
4177
866
4088
12396
10878
7023
4353
7227
851
403
10236
9806
990
5796
2677
6099
7684
6021
13858
13187
3584
844
11545
9859
51
8779
35
1492
11503
3799
10514
14499
7259
14426
14235
10470
6029
8154
4381
3023
6278
1966
8859
13673
2967
6891
6228
5641
5694
9682
8576
8361
14338
1795
10838
12394
5787
7185
10688
3875
5868
2914
6917
2149
5734
10771
5059
5831
7191
4294
13413
9832
2159
9514
13053
7990
3838
4710
7043
2044
5493
7317
13194
14466
97
12764
3042
7140
11258
6266
4374
6533
9361
4945
3092
12276
14192
9047
9037
82
10408
8840
13503
9174
9925
12928
3116
3160
9512
6087
4382
8409
4931
1831
10646
9700
11661
10460
12543
7358
7148
4936
7408
2660
6958
12673
11038
5316
6902
4852
6298
13872
3611
7895
9138
1101
12147
4634
8284
9881
13843
13788
4234
12721
4467
13544
5382
14785
14263
11303
14776
12977
656
12985
3974
383
12338
7648
7037
6917
14197
1640
11250
11854
8707
14003
2165
7660
953
7071
4562
3249
6678
3947
8015
13761
13060
11585
4799
5473
6664
12187
5223
9264
12061
9795
4704
9770
8849
4211
5279
7425
14718
12599
1808
3073
4588
6956
10973
666
11557
4599
9828
506
8491
13351
4616
5091
14416
7453
14504
906
1446
10143
9846
13223
12307
6835
9020
12309
712
7770
647
447
6395
14909
2518
1894
12270
12118
6303
8464
1910
6976
1248
9965
1305
1493
3832
13781
7321
7170
8182
6999
6308
3750
311
13497
10017
11197
10306
10385
2413
6483
1818
6455
4794
5318
4450
14437
10625
8932
10964
13599
478
9372
10106
9145
10322
4587
8879
4440
7390
9091
6179
9055
4045
9922
12786
12667
4237
7042
7977
7792
5549
8043
3330
14637
8793
7447
11151
1957
560
5212
5510
4968
11789
5884
13607
10916
7398
14020
4410
10575
2107
5690
9194
1913
14937
5962
4505
1630
5514
8137
4226
7505
11456
13282
1640
8271
7234
9481
3653
12907
3888
882
1264
10374
11692
5357
8739
6290
13942
1553
3158
7937
5998
3525
6735
2937
9682
11189
5490
4412
14302
6975
4082
13374
12805
14049
12909
8825
10199
11989
6003
4374
6136
1688
12859
6796
4714
5021
13260
9590
5232
6318
8579
5850
6243
12839
244
8216
11310
10489
11275
12120
9937
1075
9562
1348
8199
2802
7940
3717
10047
7821
5326
6855
8307
3443
4805
1849
6863
4076
13752
9528
10849
4651
1605
7768
2410
9746
129
9776
7753
8753
8762
11657
10261
13154
14064
5238
12897
14645
11371
12377
5217
632
7951
3623
8491
13189
1254
7352
7144
14574
9850
11285
1267
7368
7588
13573
4655
4995
289
7909
1902
12322
9142
11228
9471
3163
6759
6918
11426
6764
3585
4266
7888
7280
14303
6982
10259
4750
13025
5225
6806
1565
3255
11536
7356
9864
2948
13657
6471
1224
9973
9494
13649
8309
10258
7090
11330
2655
11278
6072
4678
14068
10363
5091
1112
13118
3701
1894
60
1862
1586
13622
2636
8070
13916
7664
8272
9511
2306
831
12505
12283
12556
7134
6120
5479
4171
11875
8815
681
9381
12210
2281
8786
12219
3745
6310
2429
11592
562
2897
12274
142
4280
7347
6311
14728
13952
830
10184
2691
9211
1598
1128
1359
4696
8091
11121
4473
7338
2732
7802
13279
4763
12879
6997
14903
13208
3935
2848
13426
10414
9284
10316
13957
5131
3313
12253
14694
3462
13705
11254
4672
13775
11757
3370
11896
11712
8684
291
10319
5001
6105
7886
9728
10417
13609
3235
7234
1268
7035
2619
7067
2964
13134
7200
146
376
7302
6244
5854
3674
3036
1042
13727
8514
12912
1267
3110
10797
9558
14065
12552
1610
3866
12528
11623
1656
2802
5892
6288
272
5914
3689
11141
11472
8062
12492
12008
132
3087
10929
11019
4979
1132
5754
13754
13257
8147
1682
13718
11852
1074
11059
14956
4899
6944
1346
3589
1466
9032
7924
6524
207
1803
13878
11020
4705
5916
10449
13182
4431
11047
373
11284
14678
3663
5162
757
661
2242
8463
3904
6991
14401
12776
3313
6250
1613
6673
11096
7902
447
2459
11545
10714
10463
470
2571
6551
4940
14190
7106
13832
8622
14505
6751
10362
1692
6411
2484
5594
13785
11192
9455
9247
8668
2441
7098
12549
14929
2963
12502
11885
6690
2357
8870
6697
10356
8198
5064
7162
8625
14971
14111
5435
7441
3563
13376
10448
14715
10042
251
1590
10015
5542
2944
13449
8916
3178
14211
3077
482
6927
2427
7010
8011
3575
6114
12814
2279
5600
7013
3824
5017
11174
6727
5768
14254
11684
2591
3722
11218
8525
10267
10510
14343
8312
14021
4942
3116
14882
477
6601
13923
483
2102
223
6177
879
5015
8931
10407
1504
5702
8731
9473
4076
5997
13227
7942
12060
8083
378
4588
14595
1668
2907
7916
11174
10166
6825
9404
2551
1861
12950
12086
13277
13550
4679
3087
6686
8373
10983
3468
5313
2426
12953
2796
4379
2039
14242
57
570
10953
1392
7419
2336
13253
9558
5232
11752
5165
7397
14076
14317
14019
13645
1912
6945
5655
12938
7653
6271
2310
13945
9043
4643
4890
7037
4073
11333
2307
7595
5501
6891
8396
2974
4349
8753
5384
13551
5399
1465
7123
638
3578
12775
6788
2322
4535
7646
2769
10775
639
9153
7801
975
11901
12087
3141
10620
2651
679
11
219
123
12897
1125
6734
2216
10859
12975
7912
7941
1560
13780
9950
1140
8182
14454
1534
8821
11875
9651
6304
1010
378
10390
3261
3069
10897
10122
148
12845
11391
1294
12151
7011
3353
4868
12381
12004
3426
341
6030
8203
6147
5390
10274
12582
6209
11677
7577
11500
1180
2815
1858
12620
9976
1060
12335
7398
4382
1084
1463
10676
13865
12982
3238
2351
3576
828
12561
1952
167
12196
5049
12149
11724
6228
14653
737
4510
4387
4793
7289
2972
10804
3857
10178
14561
5187
2040
5434
6350
7406
7416
352
10032
11511
5603
12481
13317
5120
2249
11257
11363
9046
9562
5328
2758
14849
6203
6509
9384
8516
11290
636
9562
7738
4044
1109
9905
8487
12220
12866
1985
8253
8765
14605
13863
1778
8934
10793
5218
12915
2928
4937
389
2272
7327
6114
3894
14860
8530
6757
585
8185
7966
4001
1464
7021
4702
7440
5715
8712
5534
10454
10273
7647
6182
9605
4161
5951
14513
10232
5506
3851
4228
6937
623
13937
5198
4579
8358
12060
11700
1688
7229
14115
261
1406
9170
14857
8655
10384
9400
7171
7522
3654
627
3592
5792
12137
11978
5879
10195
14914
14935
8570
4300
6437
946
3841
12975
9947
8616
10286
11958
515
206
222
7116
3869
2192
9645
8271
11600
5179
11145
5671
6298
6250
5344
14109
11679
881
858
1172
68
1941
976
4089
7262
11736
11620
11261
14807
605
12720
13862
12843
14307
13427
8319
1380
9816
13554
11606
1284
12552
747
9523
8959
13207
3464
4401
14302
9416
1968
7147
12338
10244
5379
6270
3132
6711
11168
7900
12433
2030
14575
11813
10483
6122
7873
13776
2839
14194
9355
3598
12848
12686
8534
13722
1885
13295
1336
2150
9803
8433
7138
7949
1318
5844
4493
12870
8970
4830
3396
12726
3227
10408
3503
11977
14009
2000
4469
14563
3790
153
397
260
7263
8170
10609
12269
13256
14737
2137
420
10808
2696
12422
13576
4765
12915
14480
1271
11146
534
7387
2680
12553
14407
922
4823
8839
5527
8588
13028
911
4689
4327
3517
7615
2959
3871
7255
5847
8590
7338
1442
13746
12552
2743
656
11964
1356
1685
13094
10539
12815
14310
4734
8245
11147
6638
12824
5897
717
9537
3326
415
12481
12462
6921
7831
5729
14022
9951
8632
4427
6315
3598
1775
9804
9680
4269
6390
3023
10328
4557
5217
12154
5666
8176
5426
1333
852
13783
14743
11314
11325
4248
7394
10624
365
7807
8350
3435
14977
12240
5913
9433
10272
7321
13068
10007
7536
12943
4243
12994
11527
13376
14123
9087
4461
6321
6168
13029
14771
6325
13768
13831
11015
12467
7883
7355
4689
8282
8782
485
2564
6003
12645
388
2478
8781
3157
1941
10153
4965
4845
9996
4045
13430
14610
1009
12891
2770
6667
6396
7786
1291
9547
14753
14274
12197
6955
3869
14925
13456
11705
12393
3643
12944
5566
11615
2876
2186
8843
4938
1378
11558
12520
11838
10385
5374
11756
14611
7999
7569
4428
14997
5629
1459
10940
1970
10719
13857
11175
504
9306
6995
14693
4705
5808
2434
5330
8737
13333
8802
9685
2489
9393
2517
2221
11349
2467
6700
8327
12065
13855
10934
2954
14931
14722
1433
4244
9870
6477
10363
14415
2995
13560
11770
5031
11601
14385
4230
350
5677
4263
10099
637
4172
11977
8305
7463
6551
2231
506
10
4430
1012
5065
6551
10302
1715
10291
7835
7656
6262
14579
7945
11334
2129
11120
1469
8623
10986
10777
11829
3815
2282
12621
1670
4432
139
12234
7499
1037
10447
14638
2313
8783
11520
14036
14588
5519
2001
6166
808
14837
6209
1303
11047
5091
7633
10998
9123
8067
7717
7984
5243
14988
10484
5113
9715
7387
8111
11344
1406
4805
8462
11457
8331
3939
1386
5358
1352
9629
2035
9848
9566
6412
12171
1697
5054
3032
2
9139
2957
6646
11114
4711
8018
6247
8325
13944
11033
11265
1499
8269
6894
10093
12514
14573
2938
9536
8843
13107
14808
11406
10402
433
10495
14589
2548
9855
9915
13622
14307
11806
6388
3806
6979
8124
11890
8677
11700
13430
14483
3127
4023
14949
4896
10634
6712
3869
13139
14386
4390
2934
5749
9491
4046
9236
4629
10414
8502
6356
2498
7545
2045
10601
3149
8991
6498
10525
544
10169
13821
11401
247
3662
6982
2592
14436
9110
3808
2351
9000
11908
11150
6203
1381
8046
12209
6258
14628
3744
13563
12811
2414
14684
4585
14036
1561
14364
7615
11986
3272
10873
9435
14887
3889
12218
919
1237
2005
14531
8910
9429
6944
8273
5601
359
4670
4416
11960
9486
11365
3132
3355
10430
12345
12467
8218
11675
9706
12598
7059
13063
569
11797
3301
4716
3675
585
12370
2815
976
2273
6360
11649
8642
5114
13744
14119
12365
6001
10663
13207
8674
12154
458
6127
10899
8245
10084
7376
13474
647
8098
3097
2376
9094
8368
13668
8451
11378
13105
10474
2235
13256
13915
7996
13299
10433
5520
12843
12135
6503
12979
11850
5548
12496
14084
9355
12421
9141
7175
681
5955
5942
724
7911
4030
8827
11515
11629
4055
11858
13660
11365
5615
9511
11983
6224
8656
13304
3320
4910
12496
11627
10667
9725
2508
4202
4805
5166
9011
13524
630
13980
7795
13849
10880
2463
1197
2445
6935
3920
12192
10791
8922
9521
3069
5397
7989
12704
11870
4056
785
12538
13288
9757
6631
9868
4452
7103
11600
14696
13417
8260
10321
6511
9934
5970
13621
5292
11989
9317
5917
5665
10176
1453
5297
1097
9858
8976
1971
13833
10309
2900
623
6712
9067
14100
4544
942
2650
10666
5479
7781
13544
14262
13424
14571
2454
8132
8637
34
9387
3526
6282
13464
2
192
12124
471
3362
12899
945
7434
10775
3776
1029
13288
5899
10519
3214
5249
13022
5975
7137
5176
2784
13425
9912
12576
13486
13781
14114
2441
11741
6951
105
8972
197
7556
4474
13225
1220
3850
3412
8606
14374
3666
3149
7705
10601
13521
12997
2497
12216
11174
4534
6692
3365
7619
11824
11497
14580
2229
5506
12380
13975
3806
5936
10934
8104
11177
4833
11261
12866
4520
2963
7920
6100
2704
9564
9843
9490
6727
2160
3465
14581
5022
5761
10387
7290
10649
14360
3625
10817
12600
291
4358
4114
11604
7015
7824
14123
4608
10698
1273
285
5683
14886
3784
10604
6329
3359
1545
7862
8914
7004
12432
10488
7524
111
2598
14850
6143
1677
11280
11388
4254
5586
3977
11171
20
6682
9316
8392
1066
900
12891
13176
4613
6327
9587
7949
13006
4571
3029
8986
12929
12301
3563
14212
1262
3634
11682
4456
9884
5214
1201
14339
4631
8321
9384
10864
2090
10257
12459
2866
9176
13025
10752
11629
7726
6161
13743
6940
2903
4741
10273
3072
7212
12419
2324
12584
2388
6013
642
2271
7770
61
6330
7792
1904
14694
2629
5847
12455
14457
1259
6913
6462
1339
10600
1842
795
13591
8545
1393
14398
9954
14883
11024
8443
408
14122
7928
314
1082
3377
191
4137
4399
8922
10758
5436
11016
14608
5041
7790
11109
2614
4330
140
10128
13632
13028
4830
9486
10619
14628
7856
4114
1916
665
7830
3022
5172
3291
1972
351
11435
3339
5946
11384
1640
1191
8528
5083
11952
118
4242
12049
13434
315
10321
1151
4443
12730
6877
7838
5838
10048
1954
10878
2412
10903
3723
6308
8400
9875
717
4989
681
7742
14444
9711
8855
5568
13655
10511
5031
9444
12767
1237
7247
5528
11861
6351
5622
6763
6415
3614
11636
5076
7793
1323
3779
4152
7368
12499
12412
6297
6033
13153
2346
12196
12015
12087
13786
3082
9565
14464
2821
4215
1680
2528
3432
913
14924
11293
13502
268
2145
832
2310
3961
8991
12697
14918
5043
1694
956
4812
6708
817
12431
6200
7167
3067
8654
12331
928
13883
952
120
2400
1301
1015
4629
10640
13544
28
14402
8823
7640
11396
14170
9224
13833
6640
3505
8681
9860
12584
5934
2528
703
6977
14416
4228
12823
4663
5673
11283
1874
7339
9745
12569
2877
4136
11611
7205
13922
4963
1114
11996
13605
2480
2048
2709
528
5287
2843
8612
1290
14302
2933
3280
8342
5286
2221
7037
7489
9147
5910
11392
10791
13042
11037
1577
3468
6992
11537
3378
2105
6591
5651
12788
9082
8166
9987
10310
3630
3870
10966
4595
1868
2
3634
4461
7809
7244
4949
5492
10329
8713
1147
11552
2093
8907
6448
2086
4133
8195
12513
7358
14271
5085
13780
4731
6302
1600
9146
6148
9815
2994
5863
7441
1250
8221
8271
3425
7818
1543
5632
14091
13335
6029
9328
13552
1118
7568
2607
9749
6194
14699
8170
408
14264
3529
14399
12728
3219
13357
1006
7731
7000
12537
1958
4392
10821
8870
11280
9724
8568
222
13803
11386
907
6166
8311
1457
13153
12892
4586
10590
13113
4492
5320
9691
14995
9155
5935
296
6622
6417
930
1322
1807
10558
13288
13786
6767
3508
2734
1693
8035
12538
10376
2818
12955
4087
9027
3736
3663
771
3095
6874
3722
3242
11035
9585
10065
13002
4052
14875
13600
13651
14993
1178
12696
11487
12590
13673
3710
2730
6298
13406
3066
3526
3954
14476
2193
3150
6791
5491
8632
8393
1934
12686
12668
5437
14740
12302
5311
6300
8304
10165
7229
5500
10841
1823
3397
7329
2298
11337
4353
12309
5602
9714
6777
2744
1788
12115
7681
4886
7059
13005
950
12203
504
13205
12613
14258
5731
13383
9284
6691
5851
12356
3664
4844
14376
12829
5911
2892
5434
1368
78
1741
2065
13100
1112
486
5096
359
3321
6509
4088
14222
2529
8654
10152
10993
7016
8104
472
12682
928
7100
2908
9582
6271
2793
3802
4496
13408
8728
12724
2570
1960
9084
14714
14380
6755
8290
5184
8086
4395
10901
12675
11439
4285
9765
432
6081
7966
7654
13848
1061
12489
9634
8842
8152
1919
12743
9355
7175
8703
3852
1107
6043
8069
6936
14356
13730
2093
7884
3710
5726
3805
4716
2506
1012
8962
5999
10823
919
11878
12248
2982
3139
13260
4649
11892
14283
13782
11553
4871
7443
5287
3221
11091
9816
8170
5114
7951
7683
12068
14035
986
10923
14417
6789
4379
11714
3992
8984
6089
12669
4700
1800
8751
9507
10783
4208
4043
2792
14820
9904
2928
5550
10719
788
12553
2808
13853
11984
10319
4160
14684
8208
12965
7230
4755
1644
9310
3031
8700
4770
8715
13894
1790
11861
12012
7552
5134
2059
8681
5269
1588
11298
2003
1243
5849
3842
3035
13999
3860
3016
1578
10051
2337
13168
4163
6790
6391
9557
517
120
9102
4287
3279
6222
3682
3834
2221
2461
11568
12657
5357
8529
10849
8861
3081
9141
11044
5835
4565
11783
7263
7734
10326
1577
5613
13025
13761
13337
9537
12626
13295
13499
2870
1084
9753
12707
1702
3560
5148
10261
10497
3209
7293
12207
7124
6571
8155
8949
9308
8694
8334
12943
5292
2697
14992
8299
1592
11641
738
11175
12264
124
23
11393
6083
187
9066
799
12564
9232
11955
683
14168
12789
3841
5402
493
10668
9848
9736
3021
1265
8261
2483
722
4437
3003
6563
5589
8221
5603
933
13958
6499
8280
5360
2977
2654
6471
3425
12524
9961
599
6205
4354
597
10415
4342
12512
11555
4622
13998
6789
13421
6757
14983
1819
2693
12572
822
6796
807
7953
2408
9157
13301
8945
8792
2386
255
11635
1745
8429
7918
8332
14249
12726
12101
13345
12145
865
9690
11639
556
4793
5830
4862
12414
713
397
12904
12786
11313
1967
7736
3820
11880
5898
5986
7733
10480
11045
4918
8751
485
597
7116
10740
13808
4236
3895
4005
10311
10549
6010
336
13080
1088
12914
6004
11325
13983
13144
11304
8179
4062
1040
5019
2288
2578
6034
4630
13676
11037
5696
1005
7576
5323
3020
3214
9890
11637
14136
8866
1158
1162
14366
6597
4881
8683
6121
9936
5899
12732
2828
1949
1054
8001
4715
10642
7805
12022
9175
12116
11443
7517
7722
60
1058
9390
14340
6838
6508
13203
8522
10471
8967
11202
1969
11363
14031
1874
4627
6984
11933
10060
4212
13927
2151
3559
8291
8175
4701
2939
12683
12989
7066
3093
1583
1417
101
14274
835
11949
4487
5566
6072
4408
7939
5399
1201
11701
473
13032
1569
11275
14788
4252
9042
7727
7523
13466
5605
1969
542
13773
7197
7325
14892
14302
6614
1329
13866
14543
12438
1901
188
3729
3421
3986
2421
3496
6244
9329
1798
4543
11247
1535
405
351
2958
9045
8246
901
229
5046
1094
5059
1272
3145
1347
10815
3329
9848
13642
11085
10879
249
2409
1038
189
12264
13774
5599
1181
7135
14227
11857
8923
9427
3711
8162
2560
7223
1710
14124
8572
13764
5910
12592
1209
6729
9383
2967
4634
3380
11358
10382
14075
3547
2304
4414
9971
3833
8751
13317
5475
7134
9444
12229
12388
7473
8582
817
6719
11097
4166
8950
4885
9327
641
6647
8068
14116
4590
8252
984
12418
10407
2507
10538
12919
1267
1114
7453
13995
4521
5889
14919
7212
12111
14154
1896
10355
1833
3488
13626
14457
11407
2606
2705
12939
1572
12478
1495
6977
12897
3785
2243
7591
7652
1053
4472
13132
933
10005
3263
10840
1417
6637
6770
1224
10317
14039
8294
9317
2586
1031
2821
1422
12255
10193
12320
14299
403
5646
1620
8737
10720
4373
2541
1647
2927
14507
859
9297
5679
3135
13161
4802
7094
11422
11677
11149
1177
3262
334
1262
14641
11194
140
2463
4652
10208
12629
2262
543
11437
14980
10029
53
6503
13718
10196
508
11868
12786
8862
1951
7632
8653
7110
5810
1223
13759
8890
9115
10011
11988
9146
11505
14875
7916
439
12362
4713
12038
3810
885
1367
2259
3220
2257
4150
7295
7613
11473
1300
9061
6495
13423
11937
6293
14360
13885
11116
6843
5708
10436
2965
12726
9404
14258
3816
12410
10952
2292
2813
7097
7322
7180
12907
4094
5140
3767
13031
258
3695
12010
14969
10111
12748
11347
14377
9698
4651
11435
1036
4163
95
14791
386
2737
10068
6487
8403
14907
8870
1853
8316
13657
5464
13636
3691
9331
12927
3928
6138
8159
5942
10878
77
12768
1748
3238
14848
6692
755
7775
13662
13820
136
3730
10516
14613
5837
11662
10059
9188
2264
7523
14580
14515
13492
10490
2585
11721
279
14725
11889
14066
6635
4060
7723
5605
11958
9447
10340
3869
8345
2887
5721
1395
3617
1943
1949
8237
3542
11086
5414
5193
14246
1410
8157
2882
10387
9372
9211
6213
6439
8896
14803
5770
11103
10684
7650
6452
14544
1044
14666
9102
2351
10621
1646
13397
12616
11033
83
6806
3873
1797
12830
13027
775
6462
1372
8107
13543
2335
530
10203
4712
8352
5624
11069
13049
14149
11876
5823
1494
4803
12920
3574
5981
8617
1086
10971
9679
3512
10753
4374
7753
9627
11857
5420
3588
12947
1193
1349
3997
10681
12291
13861
9872
13941
13859
6386
1513
9905
9089
14591
9546
14762
6022
4109
9076
9783
4245
1057
10818
556
6725
11300
14137
10687
13891
2770
9068
12595
11967
12881
6738
7774
9330
5316
5277
13593
5847
8025
7690
11282
847
5007
10819
2305
13731
2198
9920
12586
4043
6710
2946
8846
11464
5105
498
3676
5726
8830
14670
6637
9980
9001
10773
9635
542
275
13937
10905
10510
9740
6047
10181
7489
11614
12133
7881
9522
13284
7759
14854
6423
3975
10414
14842
1081
6801
9794
7059
7161
12249
9760
13338
4281
4555
1727
310
7482
14679
7265
13692
1490
3664
2936
7717
11038
8989
12693
11014
527
582
14492
12129
1424
12176
2851
2016
9416
8086
11037
116
14465
14412
6742
2191
4522
1957
14921
1861
7296
14222
3367
12450
8911
13594
7855
1071
2433
11659
13610
2900
3372
10954
9598
14717
2744
10349
8565
5728
5731
12802
1545
8169
12849
2143
3563
14147
8452
11443
189
7277
9867
3892
10371
453
13597
6255
5008
10331
8451
9417
8969
2044
1558
12940
13234
8448
7649
10842
1725
12021
10337
14232
2008
835
942
4789
10747
5067
6983
14671
7375
14592
9066
1158
7086
7258
8333
1442
5191
6919
1706
9073
2051
14816
4311
10921
10967
14119
6430
1559
8563
1626
2722
14570
9089
5578
12982
1359
5942
12375
14493
6479
9315
10935
12698
6090
13488
11913
11277
104
10966
5360
560
3613
5316
444
315
6252
9985
7016
3814
5366
3959
3369
13901
3671
9098
7852
9496
7730
6633
6396
10794
3799
11309
12370
1618
7844
14068
13976
3891
11432
6064
10833
11180
11953
8152
9387
9875
13379
7603
13437
8282
11801
8743
893
10178
13672
2503
4660
2278
1194
8925
14443
3789
4633
3790
3431
2168
12963
1377
5993
5365
9070
7847
9254
1383
1884
8981
3269
14842
1407
8495
12491
2505
9509
5488
14855
9244
12849
11707
13821
8923
6946
1673
6711
4312
10500
2412
10389
4838
13218
9894
6330
7318
14487
1993
11177
9593
12853
3516
842
2788
2646
614
7809
8970
11175
10496
7453
1143
11036
11342
14742
4055
5014
11303
2270
11619
8744
10828
7773
14821
10533
8097
12662
13017
12664
3654
703
2086
2955
6781
7606
3489
7605
13288
10503
1093
3408
11765
989
8232
3311
10473
12613
13391
13086
2215
4557
11439
14535
5479
3286
10618
5878
9580
8152
12913
14383
11015
3739
3709
11210
2673
733
11570
3925
12038
2111
6382
6523
11845
14794
263
14947
14856
2865
13378
6510
10885
386
712
6330
8409
668
14488
5409
4975
10896
579
12612
9693
14281
11983
11054
13596
7773
2747
14865
8027
5317
3137
14854
14681
2147
14962
3783
1298
10845
2670
7288
9326
6761
10109
4625
6888
4727
3518
10941
11275
11580
3623
7681
11897
12685
13332
14372
12754
1187
11871
349
11265
8475
2386
9965
3642
13187
1744
2111
8013
1927
13748
11908
10614
2910
10520
10965
12163
13160
12454
13505
8520
463
1836
5929
9490
6001
8271
8060
8419
6538
3617
7351
10614
10406
95
7364
10417
13343
7762
736
3361
1999
13101
696
390
5823
7936
9415
7407
3090
1136
14518
9196
14017
5923
2621
12117
1400
14791
3416
5507
9284
5074
6653
2514
8372
5044
8049
14038
9336
4401
10188
1134
9152
5351
7417
14803
13882
9967
4363
14315
13002
13737
8175
10483
3779
8070
14671
5919
1981
12107
12954
204
10531
14163
6571
259
10983
1529
5440
7883
2815
12167
2635
4866
11317
4037
3583
640
3470
14198
13897
5781
11334
12998
1199
5440
1981
9517
14018
3172
8225
7452
8397
8953
11357
8027
4248
12099
1372
2642
6193
505
1023
12982
649
11761
11706
9091
7193
56
13675
6126
8816
8481
1585
12155
6389
2511
13557
14839
6385
7250
13721
12906
14453
183
8714
872
715
2541
2837
4172
12210
11315
3238
5314
13347
9326
7882
12554
13125
3074
6252
14136
4330
12356
10655
7472
126
10806
6217
11576
5092
13936
12720
6550
12345
1480
4798
14260
10358
1206
208
4874
9040
5816
8856
4340
11089
11060
9106
5808
1958
12904
13668
6546
11062
2082
5898
3443
8305
11794
13503
2235
2612
495
593
4502
11501
6640
8669
5349
4151
13856
10084
2488
13691
10387
10634
1293
7851
11239
9408
5944
3911
2661
12100
7742
3616
8983
9811
5213
891
11327
10342
4999
5513
5528
13392
6413
3725
10731
9998
14970
14959
13853
11453
7894
8532
9454
8862
8555
5677
5210
6728
10637
9903
6867
9541
2788
11651
14756
2039
4767
7342
13367
9213
4930
9957
31
1450
7244
6033
1185
12750
9913
2296
2248
12252
10404
3917
3397
835
13512
2595
8147
6133
4095
8653
13621
1861
10429
5708
14665
3747
383
9896
1649
12789
3375
12407
1388
3391
12779
7698
2510
3607
14568
590
11948
594
1130
10929
2424
6956
1545
4822
1324
9299
9611
6110
113
10720
13155
14318
14567
14348
8601
13204
9028
3665
2741
14828
4300
5153
200
11263
2080
6265
1497
7880
9507
12452
923
14908
7484
2274
1557
4239
4931
3553
7501
1186
3305
11994
1894
6462
8433
8777
3190
4435
2990
1729
14091
11865
2297
8436
11394
13479
4116
9206
2734
9824
5664
4972
7855
11983
1729
10525
12687
8055
2437
14064
12808
12690
9356
9243
3794
1762
1909
2140
12555
4429
4963
9312
13334
10045
12816
7272
13333
1109
3226
1571
10030
5208
5505
7810
9875
6829
10835
4212
3293
12136
9231
3629
6984
14010
1726
1813
2122
5011
4068
12492
4047
10774
8649
5033
1552
10389
7767
5716
948
13048
9883
6662
10324
2441
959
9516
14706
10935
5082
255
9570
2948
8768
874
5176
8699
13538
4191
9628
7347
14701
1497
1354
1770
5659
388
13734
14276
2157
14573
7407
12390
1050
9717
9662
7617
11991
12233
9393
183
10631
1829
6165
2155
10790
10315
3984
11262
1531
5370
7365
14191
297
6153
3101
2429
7014
10558
8711
11548
4734
3258
3827
12433
3397
2671
14627
2220
4188
6344
6828
10472
3793
7733
10060
13925
11882
8793
7566
10623
5728
9125
2985
5893
3921
8859
7628
6664
1247
1756
1291
1926
13516
5093
13598
11737
242
10340
1998
11106
4839
4206
3732
9969
6012
11594
14550
5836
6689
12889
2496
1132
14623
4454
2613
74
2610
3823
1842
6362
7103
683
9127
1314
4701
2514
13678
4581
7519
10960
1024
9053
8521
13863
7166
14524
6221
5592
1175
5605
11310
14087
12076
7897
6914
1180
7524
13035
12171
2785
5157
8807
6482
2933
9182
9891
12369
6603
4793
12341
14504
14166
485
7319
7760
11910
14365
6348
14188
13719
10242
3774
194
799
9807
12709
9852
10447
2771
10021
11399
1813
14141
2433
14003
2040
14305
14762
5789
1204
2312
4070
8720
2824
1750
5009
14190
14746
1500
1212
10159
13249
1718
10956
1235
10664
299
13028
3561
12457
7903
5904
7753
648
2276
4529
12433
1484
2985
410
14535
12583
12239
12954
5184
9961
5238
12040
6976
9712
2889
9586
1230
9103
8243
9079
12965
1962
13520
11062
3671
9517
9440
7571
13910
7983
10599
12778
14819
8054
14063
3416
9867
13067
4806
4709
13530
353
421
1842
11538
6103
13509
6233
3810
7362
5200
7014
9451
8982
12080
13739
4808
2018
12087
831
6540
12071
11703
13859
109
8964
6884
13716
12509
10823
11564
7972
660
13106
9389
3503
12048
14879
5066
6213
14460
3986
3909
9846
3580
5190
9586
4184
13273
11359
4829
14540
4403
7087
1084
2330
7130
1590
7920
14904
8048
10548
7458
5337
9538
4320
3562
8923
8006
13044
1486
12965
1534
9833
9987
12348
13829
1347
7638
4244
5458
461
11284
12564
14449
9509
13010
6153
12643
4683
13978
11843
14576
605
334
4754
2759
5526
14059
1877
5606
12896
12293
13685
14193
1354
7810
12485
10200
754
8172
11522
2147
3029
2262
8683
12891
3723
2838
6420
9902
3342
12947
11236
11308
7674
710
3703
1956
12118
7310
2153
6679
7263
8417
13012
8172
8102
13010
4367
896
9295
12415
6555
9516
7606
9939
8531
4447
11441
13712
594
14037
7733
9539
13928
5139
10140
12033
5842
1842
4565
11018
11904
4184
4352
6822
9209
14460
7369
10884
13299
5580
615
3934
7864
13012
1057
3898
8522
10725
759
8407
968
10342
6164
14681
445
13459
8073
9081
9985
8396
4959
5841
3380
11193
12768
11969
4567
4175
12485
10705
14953
11018
3312
7432
10844
4038
14336
5371
4010
6264
9359
13008
7340
10623
7675
6742
5364
3815
10364
3710
14188
11815
4217
10976
12294
1607
3154
4359
12218
2209
2928
12148
12049
3868
6486
6211
10170
10476
10817
188
1269
87
6134
8531
14358
9794
13468
1843
2369
14930
6009
2815
4221
13636
8511
1571
2969
3908
10627
9780
9883
6560
12191
1905
4828
11554
2136
7020
3601
479
626
7518
1841
11094
5926
445
8440
5927
2462
5224
4310
5140
6559
10296
13358
7355
8802
1624
14554
4507
30
7824
9294
11586
5149
14780
6074
13284
11497
3988
6530
8065
7524
5036
245
10515
6661
4689
14635
12125
13929
4616
1579
3616
14510
13751
4459
14124
11205
2031
4973
8537
1114
4701
384
9261
5900
2920
9991
11036
10133
11432
10289
5088
12506
10197
3049
10793
4743
2223
1838
6004
6988
386
2908
9484
7315
5585
9003
9306
13579
6983
7112
14533
13332
5227
5262
2545
13059
1049
14517
7002
10987
4197
5841
2008
13120
2538
8929
8901
10025
4154
11693
11935
2337
13532
11264
64
2329
7499
8541
516
3319
14230
3536
14858
5031
11863
12719
238
8026
2200
1240
9394
14057
12627
13301
11443
3544
13192
11625
7097
2358
14972
10676
2724
10954
8676
2681
7132
11408
3658
2520
8678
14808
6473
1116
9113
13875
7897
2461
2411
9710
197
892
5739
11559
5265
7270
7459
3053
3671
5590
4156
14132
4284
10193
13497
13013
10890
13090
3543
4958
3027
13474
5035
9205
14473
13239
14512
8849
111
12306
11927
2353
879
6922
5126
3997
8113
10682
8134
1287
983
6772
3440
5743
14394
14030
11666
10827
7634
10939
14200
13070
