801
625
779
804
113
508
660
455
208
662
413
895
293
375
245
493
673
194
817
787
679
538
820
665
313
112
638
285
50
151
135
131
167
53
265
359
752
153
287
391
646
431
833
288
67
178
363
204
489
568
897
110
208
561
78
174
125
395
239
805
706
587
125
358
576
215
527
547
120
551
427
30
475
503
655
721
105
736
825
514
703
346
696
368
444
787
791
340
281
330
110
234
99
51
460
51
764
684
237
644
624
631
185
814
795
562
358
21
659
781
428
124
859
877
774
238
93
822
527
766
292
348
199
128
884
369
58
417
639
835
50
501
769
78
233
465
701
176
831
115
534
731
578
251
353
763
734
649
422
652
324
153
82
336
221
532
352
470
100
810
762
704
455
782
438
19
199
120
815
406
827
476
734
845
620
398
430
724
441
294
310
864
695
356
552
663
530
20
47
198
890
592
824
580
805
98
119
174
435
282
64
142
71
698
86
630
514
786
821
61
687
783
82
552
17
289
170
836
134
532
711
813
667
487
323
293
94
660
332
865
475
555
140
657
848
372
300
401
420
831
508
403
558
876
647
45
600
217
487
252
451
780
675
194
740
885
713
874
846
294
682
239
135
273
734
809
796
847
269
535
30
341
65
194
407
444
73
3
164
159
854
437
542
427
297
260
747
866
208
572
210
387
123
653
507
747
54
679
566
246
439
349
772
536
605
429
335
169
807
510
327
633
824
352
177
392
875
838
890
370
186
500
434
888
575
345
751
243
701
217
793
274
865
77
843
522
461
241
69
643
310
690
608
736
738
839
752
847
274
578
663
506
39
74
128
635
73
133
137
189
663
795
348
574
272
18
823
377
525
315
846
547
878
64
454
162
639
182
87
68
79
610
57
380
531
242
381
453
525
174
298
899
193
411
741
420
195
171
530
895
881
223
840
26
185
356
348
274
222
64
203
612
679
189
262
157
805
766
622
294
847
836
3
123
470
403
126
493
190
403
154
509
189
539
92
783
265
212
314
397
823
232
728
444
144
113
376
740
676
898
14
699
224
441
1
739
707
515
103
387
553
82
642
723
758
138
694
276
755
90
813
428
597
179
726
537
534
632
562
899
770
757
422
305
157
784
566
867
467
760
493
659
229
360
170
63
319
862
43
615
321
130
669
596
645
888
388
718
525
321
62
585
333
743
765
732
163
661
810
240
685
541
627
150
676
107
662
832
122
322
895
309
879
450
746
411
753
212
307
106
87
708
139
674
745
29
80
617
735
685
855
770
841
46
488
836
556
22
217
413
517
275
374
372
98
525
536
775
45
646
585
280
236
673
199
738
393
469
849
499
730
302
524
171
393
31
162
700
255
583
305
619
323
743
866
534
209
839
71
358
403
142
171
664
89
550
372
623
818
85
374
85
163
812
640
866
161
378
239
426
754
768
816
575
421
170
55
156
498
653
308
516
30
407
75
795
520
389
125
759
527
705
80
436
859
648
520
190
794
527
766
692
381
630
54
679
595
197
451
761
126
696
281
386
815
349
151
8
636
489
860
260
557
873
138
609
188
307
324
452
621
367
869
594
589
822
609
744
585
292
156
672
573
84
133
495
654
206
27
211
431
207
461
868
313
785
558
624
209
214
151
141
306
516
54
363
736
621
552
609
754
190
627
743
96
871
712
769
719
261
471
503
813
890
795
217
215
69
800
541
436
347
453
453
310
759
694
890
280
819
361
830
761
209
858
653
93
890
588
92
501
721
387
361
399
827
805
847
76
193
661
84
395
759
165
860
62
662
815
659
114
488
287
118
597
861
310
643
496
280
758
428
330
45
358
649
352
802
831
456
175
852
822
721
242
190
435
279
216
295
33
438
608
534
890
854
99
495
570
603
390
244
60
307
616
466
185
207
381
521
701
654
442
900
171
640
697
67
831
403
575
680
208
365
412
130
782
459
852
603
859
88
367
356
283
205
37
106
552
607
189
479
545
860
288
581
672
434
893
686
750
585
785
879
709
742
267
573
430
258
733
342
400
454
226
871
782
866
531
181
841
837
110
257
196
533
658
593
426
314
