164
13
157
48
43
75
173
194
81
134
14
164
57
17
66
88
53
84
83
87
91
158
90
177
104
65
30
12
135
92
186
143
130
191
147
0
51
73
72
30
39
53
7
179
164
182
88
15
167
96
18
162
76
136
68
125
191
28
126
120
106
79
1
10
193
47
136
11
161
172
199
52
22
84
124
26
76
88
42
118
70
189
79
102
99
66
18
164
158
144
99
146
74
2
16
18
26
138
131
66
107
190
9
142
37
188
117
89
109
68
182
95
37
32
100
128
28
171
15
173
63
58
18
54
15
170
171
87
140
58
100
56
146
130
85
59
112
73
176
200
155
121
51
104
75
115
65
91
101
70
97
141
88
71
195
76
152
40
5
116
34
71
33
141
152
69
123
18
68
72
118
23
98
142
153
1
91
31
176
94
58
104
56
183
90
185
60
145
53
161
175
64
93
187
199
159
2
63
139
193
