444
966
1644
144
486
799
1018
1466
1175
1620
1291
353
583
496
568
363
1643
1017
505
227
1206
657
1392
723
248
12
1630
25
302
775
1157
268
1508
183
1499
518
1187
513
652
1354
1123
1071
735
761
1585
185
1016
862
646
594
43
1049
1222
62
1507
702
307
1590
1181
181
720
322
122
846
860
266
1142
1253
307
1556
812
735
1114
523
214
1
1456
127
1558
481
519
1400
1096
860
454
1202
1626
301
398
1399
829
743
940
1542
1634
1391
1110
1307
865
887
247
1574
1338
685
1019
397
1503
115
163
950
722
1424
97
653
927
363
704
143
179
310
465
1226
769
40
154
1201
202
397
752
1403
774
1647
843
816
146
22
918
383
841
890
793
139
1161
698
1192
1197
801
1355
365
203
1106
330
63
200
871
1199
1427
189
293
560
1429
1406
221
27
826
1464
819
832
14
155
1603
1620
1616
689
860
1341
645
1035
645
1551
391
963
746
1287
1182
883
752
1037
1656
136
1463
1434
1180
943
636
1464
1374
1095
1509
895
1044
1454
727
263
579
128
206
129
1211
1158
1226
1625
1673
1665
678
1117
308
532
531
163
1099
551
490
304
926
1362
1171
1166
1283
377
439
1523
1459
1134
1672
810
24
1236
93
516
1591
1693
710
482
1700
933
92
1416
349
942
974
286
414
699
1224
106
1592
1635
1188
678
693
1689
686
966
1451
1309
1494
1225
32
763
599
930
305
1303
288
123
746
1103
265
1390
1275
900
665
1666
1376
1146
1473
1499
1193
1239
573
877
1184
1470
1486
7
1060
1603
998
215
1288
1630
1308
798
1659
467
1142
819
422
1671
1180
789
775
544
561
1347
940
1127
623
663
145
167
920
441
626
223
1255
327
531
1639
25
781
898
216
200
118
531
325
681
852
1209
1421
925
869
710
298
975
406
1478
416
1193
750
563
1142
1687
332
1247
638
891
1571
866
273
1502
760
1011
1543
248
21
1684
1203
54
686
1587
1244
900
1278
83
1514
1657
1061
1274
1552
991
676
941
437
1687
624
1498
479
996
868
1084
560
42
1635
1361
933
768
675
599
24
664
629
939
366
1375
1286
1602
431
1337
1107
1201
941
849
1550
757
1074
1528
1069
101
1522
1014
1555
1655
870
1143
149
1401
1045
362
433
1159
1413
155
1060
721
666
1034
76
840
1201
701
370
1120
1691
1523
617
1153
1435
1128
654
268
398
365
797
446
1253
1194
1623
926
836
1518
601
1028
1288
1324
1541
1543
1611
530
1192
263
950
892
1437
634
1368
1382
531
576
1620
1349
682
1068
1239
964
518
1468
1217
232
886
902
57
1071
886
1522
121
677
1174
1277
1398
600
762
1621
305
1493
264
32
558
1484
1061
770
1516
1644
533
413
621
1674
1499
1166
973
44
1261
1310
919
785
518
871
596
1624
989
560
1000
1363
696
1036
261
140
1607
1392
1487
1391
972
130
1082
1692
686
970
614
504
1516
1244
486
381
777
367
1015
153
1640
39
598
717
983
476
1627
1565
320
572
74
695
273
66
497
419
1110
493
880
368
415
872
807
995
842
964
1515
199
404
185
194
781
1476
265
109
1052
1433
63
1305
577
445
776
1315
477
1229
237
467
1061
638
764
498
254
755
799
1524
1559
169
1624
1131
562
469
738
1404
1678
1580
1003
1573
1000
827
652
102
1418
1049
1432
49
84
1112
1066
194
729
1525
1254
579
836
1637
1209
584
167
391
357
813
868
597
927
208
1521
536
802
1365
1332
1082
1406
239
1223
530
1669
1027
898
1182
35
1577
1098
1191
247
783
1020
909
213
1622
1688
1135
1224
1001
958
84
515
1561
107
435
1619
179
921
430
866
115
587
751
1623
739
1158
1470
1623
1001
1421
1284
585
811
1638
812
478
583
1613
1286
1009
1612
976
1261
328
1479
618
1085
1495
760
1678
434
567
573
770
1374
1289
400
1235
534
1689
727
496
1450
187
551
232
652
280
36
603
199
1698
1142
1447
184
195
1149
1025
1016
1118
1014
573
597
1399
67
188
212
790
164
278
862
665
1345
1392
1253
338
1415
536
241
846
481
1346
62
742
276
231
1323
447
884
53
796
339
1336
1370
214
1629
1669
1488
880
1132
1095
1567
875
1402
984
1480
207
204
548
881
1108
505
502
38
679
39
423
290
608
533
667
1486
601
584
187
1361
1613
423
761
1500
151
1686
1351
806
1607
98
144
270
278
1077
1646
530
466
534
934
222
148
46
238
724
1347
741
321
633
1574
947
1305
1394
906
1350
261
1016
387
116
829
1202
278
1588
92
745
550
304
1204
753
921
762
1133
545
639
164
1142
900
188
1517
1191
1246
484
1137
455
230
580
853
507
811
389
134
1571
452
1696
668
376
61
680
80
1141
1360
950
939
442
424
1657
104
1165
1409
244
500
1404
926
1605
980
1179
656
1166
1122
1079
1415
1617
1474
1107
1562
1045
1490
1125
882
719
438
205
643
590
411
670
381
63
1614
134
1666
314
107
1219
1244
411
1416
777
787
498
1045
956
988
105
1284
1588
1220
1265
305
526
515
1370
395
49
1526
486
1043
667
876
1099
29
1079
495
862
710
1630
1161
614
1338
692
155
510
1024
915
1513
1676
1662
733
316
1443
786
1642
959
860
367
1405
841
1587
1040
1277
952
1505
989
1543
487
842
1639
382
540
1003
1496
1691
1010
1416
815
1092
151
298
1658
104
356
163
1508
791
766
13
899
1316
948
1619
504
1343
343
1146
925
556
1249
163
1301
1332
1429
1669
434
216
1538
676
1618
1684
951
1613
920
987
1312
1584
120
739
937
223
130
1090
643
1032
223
421
128
748
1579
324
738
1207
1500
668
1462
1192
375
1117
286
345
109
184
939
603
993
690
65
1127
716
234
1260
764
27
1452
36
617
549
1035
1215
457
750
1168
1346
1431
711
313
342
1436
196
785
1175
368
745
662
228
380
1338
1316
1385
891
83
408
22
1697
609
240
115
279
1005
543
1650
285
1277
146
152
433
1614
59
1330
21
1088
139
124
62
1501
1303
1633
7
1196
951
1146
1401
321
855
182
1039
1682
742
892
165
562
1011
323
1296
564
708
354
1309
802
1546
414
912
1312
1059
106
141
561
730
1404
1304
1200
461
1308
926
469
1571
121
1528
625
920
1251
554
656
12
955
892
550
494
57
476
1250
776
561
777
934
433
217
973
368
1369
1118
509
1453
1640
368
1280
1352
1419
295
172
956
1135
910
1667
1517
663
1535
702
507
1016
1195
1188
412
1593
1531
374
188
1269
454
902
844
526
397
1595
305
406
1698
184
1434
68
363
474
1182
1659
920
110
146
1693
236
792
659
1578
212
947
1600
1068
335
1121
282
897
1488
868
926
1243
674
1414
463
198
435
1106
1425
889
966
1001
304
1091
1329
1448
1031
134
831
325
1499
196
718
1504
74
990
5
91
850
765
402
258
1573
210
1579
9
480
94
984
1179
1311
586
1075
36
476
1170
714
75
931
284
856
537
1038
1584
1275
899
607
1351
1615
522
662
1161
1380
1562
1514
375
435
381
1118
1269
999
180
629
1579
411
571
1299
1336
875
1171
1443
1344
1275
568
1510
1272
1573
600
555
1096
274
753
914
862
495
394
871
43
1595
451
1213
1119
1069
678
1658
359
1440
342
183
1548
1348
737
794
780
1279
298
301
377
112
1280
1217
1678
1529
187
1073
192
39
1263
1571
1471
371
1680
1618
624
1072
705
1276
293
1677
498
1175
130
200
496
812
333
1590
420
1608
1172
1407
562
185
794
1531
893
983
908
645
1081
241
558
625
1124
1329
179
1675
173
994
1428
1622
840
1082
1081
422
795
1509
108
1224
320
216
1699
303
250
175
58
1439
1401
1623
588
996
1146
846
336
1697
1070
1104
799
43
1529
961
794
299
1581
334
358
717
561
1156
773
1631
1025
476
389
17
1667
567
1586
1232
1032
500
738
1394
408
364
186
691
305
759
1336
167
445
227
153
1619
1496
943
22
511
1436
713
630
11
1477
775
662
80
1583
143
1014
1079
1633
1644
1452
1638
31
429
89
1514
1506
1624
1107
517
468
412
1375
912
1010
1339
1304
1048
845
1383
252
1162
1530
285
1352
937
780
454
1564
978
1022
1413
1555
1637
1290
1607
1689
974
985
785
518
1413
22
53
1625
916
422
1339
295
1675
1650
477
795
747
1277
980
1612
1393
214
1384
1685
855
1465
1381
681
1179
1077
1595
386
286
949
403
321
575
284
963
1126
1134
316
1551
747
109
572
748
1315
827
1601
383
1554
233
1446
391
251
821
907
800
233
908
378
865
1125
1295
99
172
961
852
1099
1605
160
283
1310
557
910
504
1255
1627
905
898
1575
1084
195
1685
1086
1276
1086
1693
549
539
80
1133
1005
109
645
1545
773
309
100
574
1360
401
1254
981
78
517
386
297
100
864
1338
1117
648
1155
398
149
1699
1642
715
1139
464
234
1171
557
51
1146
38
803
45
385
1149
1578
1219
135
1147
1121
437
1169
1046
1040
69
