290
291
117
8
212
32
76
239
243
207
157
210
106
85
273
210
238
21
233
22
79
264
260
120
214
174
213
3
155
176
10
10
116
135
61
183
173
279
72
254
288
21
111
279
29
218
144
56
252
95
171
153
74
166
54
186
13
121
286
103
31
50
12
168
218
138
163
123
107
144
275
6
167
238
179
277
247
38
34
139
200
78
282
93
263
1
82
4
106
25
218
110
74
254
132
259
116
42
46
220
171
200
171
36
243
158
130
155
46
297
52
104
288
33
161
265
202
96
84
271
77
19
240
210
227
210
41
11
292
281
218
256
109
91
296
18
176
105
230
154
276
120
192
153
1
190
164
149
211
130
299
281
252
242
173
105
82
33
188
286
110
154
86
262
133
295
0
61
92
246
214
147
33
236
163
203
111
256
74
95
264
241
233
237
260
171
202
100
172
39
215
101
243
284
72
184
269
269
241
161
168
69
18
35
206
49
145
228
264
145
18
293
274
253
276
5
113
61
3
36
101
243
166
263
293
78
65
265
160
249
243
169
160
155
145
106
208
164
166
277
234
274
48
165
30
196
56
229
195
66
127
119
24
257
170
184
148
119
62
265
156
144
154
214
241
77
170
116
200
14
207
267
271
133
229
259
142
180
53
89
100
140
118
216
275
104
213
241
124
134
22
282
86
13
207
39
18
8
276
247
