390
437
497
375
103
441
60
25
52
154
212
159
439
140
59
9
85
364
188
13
467
213
426
42
5
356
139
67
35
357
493
134
154
277
80
360
72
327
455
90
452
282
265
165
483
433
190
252
491
446
110
497
156
105
411
347
337
316
281
115
340
423
315
152
188
180
468
250
10
216
215
409
127
260
174
343
440
315
71
176
296
372
229
422
50
448
423
260
159
269
273
184
111
207
224
245
415
257
481
131
287
55
441
258
295
55
59
38
279
182
146
222
392
311
96
251
76
366
188
122
234
219
134
152
317
259
383
113
405
89
82
124
77
465
150
281
454
96
287
493
4
117
309
67
122
127
110
332
118
121
117
439
341
71
406
24
310
173
223
239
439
122
296
44
327
317
206
154
191
224
481
180
466
331
256
234
452
407
187
497
455
32
116
370
183
380
37
103
434
10
15
283
317
470
12
51
122
121
141
23
394
483
270
382
495
468
171
498
65
414
45
430
78
58
483
165
386
383
34
89
219
246
78
135
393
465
291
113
324
77
18
84
350
421
472
465
83
227
60
308
121
274
452
333
404
134
268
204
33
442
79
345
61
150
404
325
98
475
325
492
211
45
177
410
135
473
79
386
126
466
302
67
472
187
166
125
274
157
293
493
478
274
484
200
41
3
54
495
477
132
282
240
38
117
337
104
378
26
41
336
205
53
18
117
479
273
46
354
140
70
321
408
349
26
16
467
98
265
448
68
179
43
264
190
404
27
72
310
203
249
267
143
53
209
143
422
298
247
441
296
445
65
239
354
411
190
340
467
222
319
102
29
245
93
139
107
108
228
499
411
163
378
199
217
201
69
350
191
389
241
207
12
441
326
86
219
378
232
403
348
76
127
30
43
3
374
84
320
412
92
385
120
99
449
226
153
34
377
55
297
429
61
150
392
460
66
18
314
99
443
0
370
402
193
294
216
102
69
84
452
31
357
156
56
480
236
387
98
452
5
47
74
75
158
474
277
207
111
193
341
188
370
265
110
27
411
305
333
69
16
246
320
378
95
464
279
82
154
5
12
401
246
432
304
458
296
0
289
191
217
225
33
274
350
336
321
183
479
255
185
493
331
325
404
216
288
492
150
2
486
460
278
420
218
138
79
0
412
81
54
