120
39
441
61
404
191
357
6
378
380
315
302
218
303
206
51
298
221
466
178
252
49
480
341
66
100
313
404
22
65
399
38
329
44
208
187
397
64
384
104
145
233
191
327
489
233
67
3
186
321
130
425
230
49
379
296
383
471
155
36
111
57
290
107
189
296
385
153
189
87
161
280
115
52
487
84
489
139
350
327
207
192
482
334
193
177
185
317
152
379
123
208
79
223
435
2
485
487
74
23
36
186
61
113
112
401
239
298
436
350
240
330
202
346
339
174
258
336
280
457
464
334
428
173
260
85
20
119
441
489
268
177
245
258
19
221
483
295
25
209
352
66
139
244
118
291
319
340
13
138
240
277
3
119
360
159
66
481
7
398
374
201
27
323
405
432
182
0
323
90
238
301
453
355
286
118
146
22
428
286
72
463
4
115
254
314
134
454
244
80
203
233
201
481
333
461
265
316
162
348
167
418
469
23
312
191
135
330
17
287
265
492
252
33
65
495
267
45
460
161
118
319
138
76
245
272
453
498
315
196
302
17
149
378
480
465
24
289
323
123
3
310
313
31
345
254
22
318
368
28
252
243
180
29
485
350
189
170
243
389
500
457
71
195
268
44
29
436
254
18
381
78
149
383
200
454
449
356
368
229
353
231
488
111
49
18
324
375
4
99
341
117
442
35
145
481
478
291
158
140
422
49
207
413
386
118
322
337
231
315
300
30
359
158
119
7
126
241
138
26
452
65
74
147
279
91
290
95
356
482
265
129
27
323
321
152
174
241
449
107
283
440
163
133
101
245
422
418
204
85
423
175
148
155
292
66
350
75
392
210
199
293
134
207
180
473
439
164
300
139
288
74
162
289
487
376
338
409
204
227
242
322
28
216
301
190
57
144
143
436
364
457
464
368
28
470
263
83
127
421
27
163
386
447
206
275
179
324
443
238
186
366
157
200
247
139
137
467
341
115
445
131
461
254
464
315
233
226
370
185
88
78
156
259
336
495
300
317
16
307
491
427
294
471
479
280
24
362
356
58
422
0
53
294
317
421
413
386
181
87
1
72
415
292
274
272
379
442
187
192
25
319
393
298
145
69
422
251
324
115
425
89
486
204
460
63
163
260
432
418
257
278
436
492
225
320
294
480
244
81
