317
8319
6325
6394
4248
4927
6869
4656
2362
522
5107
9844
7985
7622
5835
6480
6480
5178
2740
631
49
9746
3736
6033
8607
9074
9162
2601
3310
1430
2031
3781
9209
1773
2298
6017
7457
6417
80
2542
3538
4387
7620
1719
8677
4079
425
7885
1613
4784
6821
8933
4334
6970
5172
4865
1024
1622
5678
1919
4905
7909
5900
5543
1724
4332
5721
1350
6434
8927
8711
4043
206
9723
1451
9849
5324
8614
8572
1476
9341
3475
2323
2529
3990
6939
3278
6338
4481
6398
3987
2707
8022
5411
6236
7273
1834
4840
8315
5410
4167
6587
8790
2774
2251
6883
7060
4944
8454
9918
799
9757
6297
5350
7039
9796
9881
95
6316
3647
5796
6176
573
2403
8453
592
5514
4292
492
1192
436
5969
2651
1322
1722
5103
6173
7193
796
2478
3185
4408
7094
4195
6375
6710
6071
958
5492
2267
2227
187
2836
6584
6461
1658
7221
409
8726
95
4951
358
4783
7405
2110
1834
2677
1396
8259
9758
8883
6962
5492
1967
6606
838
9248
5909
3421
7859
297
4280
2533
7456
3360
6569
4826
9740
6340
5944
5486
148
8077
7457
9567
8886
8269
126
6666
6255
7657
3370
9576
5059
4713
5260
2429
5817
9149
1871
7882
9707
3701
974
869
6323
2674
3979
758
2305
8527
8341
6260
6912
2330
8445
919
6373
7146
9077
3545
3179
8188
9813
2276
3789
1202
9918
4233
2334
532
5407
8308
2394
8574
3900
9286
6175
9567
6078
5973
4784
9833
1840
4027
8651
8842
7132
5700
7722
5878
2342
4259
1251
5672
864
3115
2534
8306
8777
8262
3920
156
3318
2919
8382
8574
4479
1551
9181
4266
9881
9658
8248
3259
1909
321
6064
3724
5919
7453
7257
5002
6748
2701
1967
6012
4344
1279
4860
8496
1238
6974
3549
6251
569
3780
6624
7407
2339
1911
3549
6027
2459
9120
2641
9512
7151
8427
4907
7786
1630
4604
4816
9218
9959
5859
8900
8708
8055
1102
2909
5643
2161
1711
3796
6876
3997
8979
4745
9419
178
6455
6129
8244
8990
1148
866
4619
274
122
6656
9620
9648
7159
6219
1098
6917
3108
3664
9863
5456
556
1548
9849
1390
461
9962
9393
1903
7255
7278
3278
9983
3348
5651
8489
790
5000
7213
7583
3791
8985
16
5763
1719
5113
4567
9295
5937
8133
1561
2201
7034
8414
6136
2803
343
7329
6914
1839
4111
9667
4074
2633
1614
1335
8821
4469
9869
666
6681
3378
4473
4670
2607
870
4789
5553
1279
2465
2315
7489
6540
4929
2523
7110
3702
6406
6854
489
8523
1367
6110
7682
4131
5541
6746
1213
9972
5189
9171
9204
8030
4656
2159
2237
1657
1222
8439
5775
5464
8713
4796
7078
3487
1070
356
1221
1822
185
8058
3816
9584
9732
8505
1322
6987
5368
8914
1614
8878
62
2273
9043
3010
7504
6748
10000
2509
1161
376
1501
3432
9882
1745
2025
932
6182
5167
457
1388
6439
2984
7421
3126
9611
8793
76
8271
7438
1316
5700
6697
9249
4857
7690
836
6842
7914
784
7634
9166
6126
6445
1461
9690
2280
3693
3182
90
3000
3905
5504
5464
9742
6951
6372
7210
3249
5363
2218
4526
3571
6466
7795
4121
3334
3811
9682
3723
3898
9125
8699
142
153
2205
2101
2593
8678
3268
630
6300
9055
7704
2155
5288
9481
1363
5938
8692
9705
9801
3322
2872
7582
4759
1817
4120
9465
5334
5001
4726
1516
9519
9181
1607
3910
2912
2235
8255
2539
1279
2775
63
6814
6107
2439
1146
2777
192
1387
2192
8600
6521
7743
2161
1942
8506
5482
3017
1200
2630
3722
116
5334
9738
4801
2275
7722
8724
9325
7266
685
3953
3337
8217
1512
7150
2907
7212
3165
287
2565
9831
3264
3919
6371
1280
8560
3730
4311
6076
581
7930
2000
352
7749
5107
667
4358
1743
3214
6625
6166
9089
3780
3942
971
6222
8930
2337
3513
8794
4143
5636
6227
8317
1944
311
3579
2952
8832
5967
1197
2600
9143
9457
3020
7068
9326
872
801
8376
9774
8147
2124
6115
5313
4009
3480
7170
112
9254
768
112
9604
2744
5742
8738
4944
1535
7469
1659
827
8981
1220
2924
518
2602
7358
1381
7869
7580
8804
2955
6404
8089
6028
1342
7689
2047
1453
3825
4364
943
4114
9091
5817
304
4044
5464
8941
8727
674
5698
1195
4005
3263
8375
508
4682
1524
289
4734
6763
6056
6001
7836
8819
4902
3043
917
6095
7043
1559
7618
944
7667
2393
6619
4124
9563
8828
7826
4954
6803
8789
8997
4808
2731
8620
4594
9736
2631
8702
8399
6373
9119
3841
5416
7746
4147
92
196
4386
9168
9781
2884
3518
7722
9766
6758
3829
8428
5972
2047
897
3570
4932
162
2245
9791
7017
4805
5968
5755
4244
2345
5513
3675
523
6083
4574
7957
1692
2614
3750
1176
8449
3456
5429
9589
7208
828
4324
3834
347
6800
8516
6557
6723
8807
7245
1709
6265
5800
6996
2031
5746
3264
2738
1818
924
5485
7827
9391
7337
7594
5723
5594
8926
8716
4569
8272
9525
2338
9400
5355
5975
4738
89
7390
5983
5091
5678
7270
7737
5102
3355
7936
9152
4118
5527
8583
1785
8965
15
4517
7793
2645
6082
9540
5134
3766
7556
8826
3918
2424
1673
6821
4608
5034
6324
1625
9077
3360
1220
3495
3671
1841
5996
6281
4792
4485
7076
7821
8977
2466
5329
3488
3644
8921
6229
4507
852
3012
8835
3796
497
2368
4032
6617
3750
498
6261
3010
5618
1929
5896
4382
6244
5911
6153
3307
587
2835
4888
4727
3707
6353
1222
4040
3139
5625
436
9040
7230
9907
3137
5118
6045
1312
7199
1972
1762
2340
7380
6302
2275
6130
5658
9128
7969
1245
8107
9064
1824
4801
5493
4532
1220
2305
2268
9463
7355
4015
6235
3197
7595
8275
9970
2992
2621
9184
5713
3013
6727
8761
6135
9935
6725
5116
7568
8214
5047
9219
3103
3277
5508
9171
8889
8035
1877
9376
5860
5985
6661
4998
1781
1917
8405
9459
4507
5797
9764
2427
7351
7748
6668
4750
1437
4199
9041
1104
5383
4317
3012
2294
1276
6319
1525
3795
5998
114
3508
9556
6281
3904
587
9307
9979
8438
4129
2846
312
2215
1361
4645
1668
5690
1456
1997
4173
5843
8881
1117
6949
1620
1863
8969
5569
6842
5908
5457
7876
7726
9429
9043
1129
26
5685
7669
6793
8723
8945
5504
4326
9645
4147
6770
4412
704
5566
4606
3549
2652
6945
8081
184
7348
3630
5354
8555
7515
3170
3027
7171
3330
4609
1487
6602
4083
881
7040
7369
2337
8442
4962
5945
651
3165
2766
9888
5299
3689
2768
8036
4594
2499
9804
7992
3610
2311
3502
3113
8649
6694
6577
9695
7886
1355
4537
2192
3549
7696
9981
6152
6570
954
8597
2274
6097
1278
7090
2865
5115
1360
9690
7283
7331
6815
2653
5457
1065
6722
8173
8073
9722
4000
1039
8995
6317
9470
4667
5371
8605
2915
2034
630
3263
7208
8509
2632
8779
9733
9005
7062
9354
5781
8251
8254
5300
9182
1733
9805
2612
2014
242
3179
5790
2386
7861
7277
6513
3187
65
5977
3179
3474
150
3747
6476
2278
2232
7300
9234
5151
8194
9180
1010
2632
2751
3631
2649
9866
6796
6018
3916
8
3976
3785
2471
7506
4816
817
2404
3855
1834
5337
1986
1266
1449
2302
5651
4767
471
3831
2334
8242
1031
139
8908
6036
6798
1645
6648
3847
2724
6253
1616
9346
3123
246
105
1430
1991
106
4272
3098
6412
1645
9305
6660
6453
2986
2673
3621
1905
9762
9510
6291
827
1707
2060
3415
8676
3724
4958
8616
6203
7966
5209
5918
1610
1292
3573
6307
944
9007
2086
4187
111
3733
8324
8076
3387
1981
1088
2651
2872
9065
5449
466
169
6531
8440
3404
9185
8085
3511
4133
9735
8952
846
9735
2750
7684
8862
9876
526
7587
4385
5422
388
1314
9958
2224
380
1232
4366
8585
9191
3599
1890
4248
3070
7029
2913
8815
4056
3902
9203
2154
9261
5522
6927
9965
9472
7362
2001
6613
2068
5096
1292
7180
164
513
7089
475
5669
5629
3420
5897
5715
7721
9003
8925
4761
6417
6913
6416
6061
6198
6928
1539
5127
1372
7314
908
603
5621
3945
6973
2163
4316
6945
5529
8148
2490
2182
878
480
6681
510
8946
2332
1902
3128
8626
9971
6406
4541
4596
9485
8584
5945
4543
795
592
1336
1019
6565
3191
1827
9198
3640
5051
9051
583
7426
1186
2181
5347
7199
3510
2637
2104
7641
1089
7804
9612
7406
5914
3879
6002
3301
3516
4435
925
761
7627
9385
4996
4268
6602
6757
8614
3357
8536
4002
6406
8100
1995
8236
8222
7410
5123
8205
7879
6774
9504
393
2763
1599
5638
6072
8815
2078
7271
1425
1140
170
9654
8009
4929
7948
4548
3033
1705
4790
9410
8899
4603
5961
5375
773
8154
6718
9517
4919
5542
8173
9023
5121
2617
4791
9190
4805
7386
5955
6816
9854
7372
9298
2392
9303
8497
5306
9258
4889
8603
9705
9048
4684
2142
5937
5928
4115
5815
9392
8746
3538
7647
2267
7169
4081
2973
9917
9698
8260
1127
221
5099
9974
1104
5199
3257
4454
9104
6800
4011
4063
1594
8748
4727
1578
4803
7580
1871
1811
3897
6177
6121
6976
7916
3377
4885
2150
8317
1918
1939
871
7289
7923
8227
573
5619
2133
5133
965
25
8803
4033
6065
5312
8173
8676
2744
8790
4762
2607
3232
4015
6150
4175
7361
7090
6327
4810
4963
8694
7178
989
1699
406
6027
6220
9465
9418
4922
1491
4746
1680
7521
7372
8568
7827
3652
5591
510
5701
573
3413
5875
2243
7602
6709
7810
6833
7018
4887
5373
3035
3498
411
7784
127
7292
2283
9987
8963
3648
7211
1356
561
4988
4901
2311
6434
9737
9117
6969
5112
7882
8330
1506
6643
8330
6775
5700
287
2871
8490
5303
1766
3502
3965
599
6044
505
8243
7069
1482
8980
1212
9324
8895
4984
9360
5360
620
9174
4799
8167
3257
2047
8798
7045
731
877
4097
2307
8750
8411
9689
4598
495
3797
3557
4629
9560
3945
1200
8998
7754
6639
5726
9525
2668
7764
3430
1103
8662
5805
3377
7022
3115
2454
6157
2374
6838
5291
6727
9989
4390
3901
734
7002
5324
9899
781
86
1840
9746
3125
1611
562
2977
5694
6871
7903
2247
9017
508
5840
8538
4439
1567
8132
565
7233
7713
8712
9009
540
1643
5883
1001
4287
1608
1249
9262
3717
232
7397
4804
8332
1682
9082
1605
9220
3932
8101
5871
3412
9915
4481
3272
7994
6525
4891
8793
6068
2323
7775
483
6205
4224
3424
617
1835
4396
8158
4566
7817
2274
4830
6184
7013
5255
1115
6551
1484
7106
2864
30
981
7671
2851
2082
8584
3781
7467
8471
7986
6580
1153
9152
4074
4124
8913
2353
1217
2380
2042
8273
9140
3814
7282
9323
9329
4148
6316
7754
2109
2997
726
8442
3884
9594
5657
2297
1144
4491
9250
5548
3876
8734
5062
3601
6244
2783
4632
3658
7523
3453
3808
3058
45
2528
2818
8793
9085
6343
9268
1746
1385
4792
8254
8903
8458
5411
9499
9158
8689
9288
5135
6402
7052
2610
9011
2426
2400
4219
6760
463
1825
786
1735
2831
672
8566
2436
8080
2615
2395
777
9179
3430
8043
3716
7929
6748
3931
2587
7982
7154
5593
6072
8505
92
2428
8834
1259
3596
2131
332
8852
8395
6448
5486
2854
7672
6896
655
1589
7755
8121
4984
1481
8605
2322
4099
2866
4028
8049
829
1556
2169
1083
2623
6745
4457
7319
4378
2585
6216
8873
5421
6158
7481
9070
8825
5280
5976
3163
9854
7613
9830
1653
4846
36
355
9154
9130
8281
1220
5034
2376
3121
5212
6248
4108
2076
235
7503
3946
7245
2935
444
981
8135
2157
9639
3260
7003
5305
8765
3401
148
8990
8630
5873
6584
9370
9261
9257
2584
4158
8440
4034
7137
9167
9225
6179
3792
986
6728
5530
6281
8128
7991
5935
8906
5415
5699
9638
9654
1887
5355
889
1466
2214
7821
4381
8462
5131
9099
3943
6395
1118
4143
7294
5948
4042
126
21
6765
4801
3656
5896
4633
2132
8937
1559
934
2380
170
6912
9432
7242
996
6664
6853
2701
1065
8865
1041
9317
739
2131
481
2306
3373
6269
2587
9044
1258
6147
2489
5721
5154
9897
5204
7224
8810
2052
7824
2479
4660
528
6038
3280
6960
2892
6434
2782
8070
4479
3274
7927
1834
235
1173
559
963
2517
5849
6061
2725
9379
4011
239
7997
2983
2316
1067
1408
2379
8665
279
6706
9397
6791
1528
9451
9802
2199
1420
6883
1878
9473
2483
7461
9602
8121
6061
3647
7572
604
9206
3324
9991
2208
6403
4757
5232
2047
6105
151
2679
4133
883
5519
5490
1549
3342
4768
9220
2399
8965
4128
466
4899
243
7045
793
5361
393
3166
6108
5962
8406
3245
502
2569
9894
2721
9250
9966
5435
6338
136
9712
7536
5421
1066
9148
7763
6726
8710
2978
4803
731
6008
1119
9590
2037
4706
4835
8491
8448
1079
103
6685
1752
202
5183
1146
1517
8131
8210
136
8754
990
3896
6638
1788
9255
8836
2718
7051
8007
5928
1251
15
4067
2374
4402
1328
6792
5946
2472
3354
7719
601
389
4109
9515
3722
1035
1884
2312
2092
4309
6078
1544
9103
515
8547
6304
723
4145
5957
7370
7162
3472
6787
7846
5401
741
2959
8029
4962
4116
9230
3105
6605
5262
3832
4820
5199
8595
8595
7839
7850
3556
5291
255
5029
3691
6188
4157
4026
7103
3135
2197
8776
5756
5856
3143
426
1574
9768
6097
7505
9616
8623
545
8295
418
2021
5404
7983
9866
1756
9084
7691
2812
9723
3070
5727
6633
9969
174
5949
9533
4221
7122
7273
5939
613
6616
7825
2358
8240
596
3309
6661
1786
6843
8511
4381
6509
8565
5299
8052
3962
3495
4273
6952
7594
870
8094
9941
4501
7480
8546
2790
9252
7945
8129
6954
9400
3172
2474
1507
2669
8166
8890
2444
5047
2738
387
585
9109
7094
7942
7189
7562
3510
4702
6898
8914
366
9996
3260
6821
2769
7827
6412
4960
7126
4421
4610
9493
6004
36
3957
1243
5020
8581
404
7212
197
2879
8281
5392
1610
3163
6966
612
2658
2891
8003
8828
8302
9439
9394
9016
9704
9035
79
4181
9968
2609
2225
2524
4871
4009
4165
3539
4161
6803
7294
1450
1682
591
7372
4622
8068
1247
6516
5885
1330
3539
8568
2706
6070
8761
3932
9113
1892
1986
8413
965
6385
9567
4493
3908
9230
7043
2259
6888
8661
6018
6921
3939
2996
7993
2479
3096
7545
9838
8609
3479
1329
1085
6496
1885
184
8032
1055
83
8285
3090
5916
8901
6820
851
9656
9918
9293
4543
4194
2213
5656
1172
7639
8384
4097
2058
6539
8797
3624
9296
4965
6672
8555
3766
8176
6198
8884
8678
1850
8190
1082
1871
9058
3530
5611
4718
3089
7191
7771
4318
6970
3615
472
1881
9670
3294
5992
1772
8240
5964
7278
8517
3328
3883
3548
7529
1183
2081
2021
1538
3452
8646
1151
8429
5924
8153
4751
1397
1847
3998
1698
1867
6162
4602
5825
3287
3433
4706
7013
3309
3998
195
4019
7228
3464
968
9835
871
8425
1412
3687
9782
3921
1859
1134
3657
8813
8750
5039
6542
4795
5520
2734
7799
3908
7672
6511
478
9480
8361
4572
9693
2123
7359
2583
8109
1780
3639
2123
2536
531
4646
9206
2969
3104
1766
3605
1383
7766
7485
4343
7961
4204
4757
1530
2389
7606
5503
1893
2655
5048
8492
4661
1217
8077
9358
7299
5708
7076
1151
5576
392
614
516
3765
9824
5352
6293
9496
7970
9755
6933
5508
4277
2624
4695
4569
558
9532
1699
6045
2399
1220
4990
3924
3681
266
6386
8270
9975
2784
5496
2130
4605
8347
9023
6965
5581
5297
7693
2437
5153
5388
8490
3153
6201
9928
3804
5175
948
9454
9494
6029
8521
6757
522
1231
3545
1622
2193
3641
3512
6753
6230
6611
5397
9820
3587
651
3216
2160
1062
6565
7706
7522
7231
3120
8297
9659
5661
7672
6089
9699
1635
7776
1140
5465
704
4328
9883
166
6839
2010
5840
5719
7613
7002
8392
6547
1380
4727
8146
8659
4590
9083
4230
2481
3678
987
9397
884
2260
9203
2802
2412
4302
1720
5713
4379
2385
482
4433
6419
9261
5894
6198
8694
9405
4713
9009
2531
301
3624
8462
9367
6389
2779
5442
1625
2071
9997
1244
8523
5317
2426
9461
2342
8077
5904
7056
1318
6790
7144
1778
826
9762
1139
5650
406
9982
8873
2886
119
6911
3951
6597
5990
1884
5980
4967
2424
6477
7548
351
5285
9752
6783
9114
5204
998
3067
584
4184
5868
9861
6165
9156
2746
4943
2306
3529
2936
7777
8054
8232
7810
9821
2514
4446
7163
6635
522
3835
4970
7847
5633
3467
9708
5069
5245
6960
6224
7226
9747
8863
3957
6668
6274
6829
9136
681
5770
2874
5588
3755
4478
8130
7678
3578
5354
1527
3016
4661
903
6043
2115
905
6784
1249
4598
4790
532
1752
5399
2192
470
432
4119
6468
218
9861
8048
1712
7260
1593
839
8498
696
9588
8579
8571
6930
4159
7654
2326
909
8514
7120
9310
2482
3811
9463
2333
5722
6904
1376
4322
6951
5940
3690
2963
636
7843
3942
9422
581
8258
2819
4026
7985
7329
4103
126
9641
9099
2362
8206
5707
9994
2301
7257
9115
4232
1041
6806
1498
2298
6610
341
4280
1617
4364
4720
3473
6981
5974
389
307
3410
163
2196
5925
3491
2979
7650
6478
5988
5176
280
9989
8920
7459
5740
9499
6010
1326
4616
1865
4702
894
8760
4908
433
1966
5187
8919
9608
4272
9414
7389
4044
3138
7251
1947
3364
3845
2793
3552
7513
5458
353
653
7736
5576
296
1990
7169
8653
2774
7253
4704
9114
3248
4204
1249
5936
7876
8779
5245
8960
2413
5426
8923
7704
490
8014
6966
3382
5800
8357
5103
410
8469
3199
2045
9862
936
2229
5315
9292
2485
6948
9125
4993
9993
7841
242
1615
738
7900
3149
4205
2004
9008
1840
4704
504
393
4335
5539
4001
8859
4887
6685
2488
6975
7980
5026
4927
9100
5621
81
4892
9005
4652
6992
3176
2418
4663
428
6908
3487
6139
8420
6728
2891
4392
7649
717
7052
2657
1765
5681
6384
6926
6710
4898
6026
5224
3192
6258
1312
5185
8495
8806
2853
2876
9534
1683
5819
936
2456
5132
2350
6989
8171
6050
9576
7347
9916
3147
4343
3373
1657
1839
7052
4675
8594
5858
4673
7066
3649
4765
8038
8408
8440
8172
1116
5503
7986
9870
1889
900
6213
7910
5909
9150
3659
8570
4786
4537
6679
2660
2764
8628
9135
8137
1147
6913
8922
2757
8729
7097
7148
3369
6223
6372
451
3024
5508
373
9159
1552
4939
7660
9199
2996
6705
9183
7686
3968
6709
4410
4267
577
6601
7862
1349
1808
3829
5920
2656
8193
4346
6790
56
9689
3767
1115
5726
2537
2329
7770
8970
519
2998
3445
6442
6012
4724
1522
9362
8656
5843
5802
3150
3223
8554
2673
2065
6359
6658
1589
3042
2738
3731
2731
3943
1566
8696
7944
751
1195
6129
9812
5364
4444
2137
9937
3603
2440
1825
6099
4267
60
190
649
4924
138
4162
8704
3092
4906
1462
9283
1356
4051
7808
2900
9089
7829
7385
7444
1167
673
2916
7457
8819
7770
338
3080
7228
4748
3884
2267
9497
1926
7540
9651
9230
6160
9075
3289
2891
9282
5887
2295
7927
7825
939
7620
6077
3047
7200
4526
7213
1335
2475
2156
3511
5726
8596
7156
8015
4020
7929
663
3607
8106
2008
1974
8734
6664
3268
4273
4536
2187
4439
7927
2436
7945
4991
3
2169
5587
9128
1136
8906
3552
751
4755
9307
9852
498
210
910
3465
9381
1963
879
2162
532
4454
774
8300
7256
6206
3781
756
7903
4127
9469
4276
821
9827
7618
9260
1692
1194
999
555
4151
1291
1199
4475
8407
7594
1648
6653
1589
6295
5931
3908
5346
9668
2203
3312
3534
9908
9439
9801
1234
6073
829
4696
8517
7465
8215
1332
3296
7671
6312
8280
4002
5743
4641
5104
5126
9558
4416
181
9875
9107
8219
1302
1361
2383
7659
4607
2404
4528
1139
2434
548
3096
1466
7996
9331
7992
7913
896
8647
692
4751
5668
561
2393
1174
1277
9780
5431
3604
4918
4651
6722
3592
3405
2402
9916
8374
4365
3324
6818
338
3995
6613
3725
1624
6575
9053
5685
1503
9009
3205
948
2647
4952
3512
4165
7534
8522
2136
498
7080
7371
2540
7759
3179
1784
6393
7565
2435
9155
3251
6043
5383
2097
5665
2276
92
2747
4458
3044
3555
6458
6777
4363
7517
6541
3785
2531
3165
4451
6013
4067
2217
214
9567
1580
5401
3053
5326
5732
3384
4897
5328
5723
6130
1604
5483
6258
3157
2604
4382
7461
729
9940
6039
2023
4203
5201
1250
9775
2639
727
99
7037
3738
184
9756
23
1493
6238
9871
4477
7905
339
8304
4945
82
7899
2390
7987
1377
3126
9573
255
704
2338
8192
4826
4081
8331
2152
7243
1841
7109
2457
3651
1079
1079
5305
5277
9866
775
9151
4470
6795
5300
4193
6896
6142
329
1689
6859
4574
7843
4958
8595
394
5536
3389
6472
7000
9761
4412
8397
1762
4612
8078
7407
3513
606
3386
3075
2521
3904
7249
167
5434
7627
1487
8249
3087
7871
4404
4929
8306
8278
2623
9207
6653
7844
9542
812
5191
6875
25
1186
6545
9388
4904
5245
8473
8160
5893
7040
1417
3216
751
4572
5090
3375
3453
9514
2840
2723
8810
6910
4658
5146
7974
7163
6687
4349
7216
5800
3784
7273
7722
2098
2265
9627
3511
1877
6005
1580
6225
8060
5946
248
1577
5406
7624
6930
595
6519
9525
2191
6031
9814
8848
5929
648
5245
5259
7492
5113
3164
4805
1227
214
5600
711
9053
6547
3427
3630
5316
7393
1620
1872
5600
3972
2705
4712
3341
4977
602
948
5890
5936
3135
3563
3156
3603
802
7886
5806
8178
8989
5270
4499
10
7694
1016
6282
379
7412
8125
5994
9681
5130
2136
3909
5846
2584
1920
8597
7472
5632
7936
2574
2098
7548
5925
1095
5174
8077
4908
1474
7351
5081
9517
932
6171
5248
5808
8286
7185
5475
4820
6466
1784
5824
761
6828
6452
9985
9628
4048
7966
8371
1303
5068
5186
5924
197
4035
8157
3077
7440
5065
3573
5578
125
7421
2494
83
1092
8515
7221
2933
6433
7522
2564
5938
2458
9152
9229
1537
4772
3851
7827
6202
2459
6364
2171
7146
8270
6387
5001
7988
5229
6841
4174
3119
3700
6578
7645
8938
1836
8222
3168
6083
7390
2481
1210
9551
4540
9476
1050
3380
1730
2553
9744
2914
8986
1091
5661
3441
9799
7836
982
2781
514
3943
5641
1021
4527
7026
9638
2505
9375
6831
818
1500
6847
9989
4873
722
6115
5179
4959
5697
5833
893
8021
8758
5768
2365
678
4700
9632
9497
3941
3371
3871
2354
5730
2354
3943
364
9111
246
7231
2995
58
7089
3395
3604
8342
1267
9295
9043
3712
8757
1069
1731
6885
1634
893
487
5818
5645
5843
8557
7822
1494
3342
5047
2140
5320
1806
9587
3850
8266
3522
7499
692
4595
577
243
8302
6530
9154
5151
7095
3880
7360
7337
5408
9289
2246
283
2988
5590
354
5078
4007
8130
10
5072
1986
3511
3845
1477
1409
5235
16
7620
2260
5256
5805
3378
9196
5606
2699
4257
9880
9799
9010
6734
5840
824
2548
2837
7216
3965
4647
9282
9477
5038
1766
2229
2541
6703
4450
2305
5981
7871
874
6002
3736
2329
4931
2202
9583
9269
1367
8102
5105
7604
6765
6319
8833
6132
3699
1037
5213
4830
6432
2785
5403
5614
8739
7937
2105
3890
1966
9311
5360
9799
2971
6932
5400
7835
4268
8105
710
3857
4655
9262
3200
765
9759
662
4212
4414
6726
936
5239
7716
3741
8986
2820
6985
2692
9413
7895
8402
4392
7693
5452
8610
3226
4371
9522
5231
1780
740
5267
6360
2924
8265
1506
1797
7784
1700
2194
7005
7805
7709
2307
8135
3264
1084
5589
5867
728
8120
4275
3861
4205
7538
3738
9871
4936
7685
2096
3609
9430
5500
8537
1615
4035
569
358
5128
9134
1728
9923
5600
3854
6749
9907
7085
4682
8947
4627
112
4987
8598
5413
1287
9319
8170
2397
3224
3236
3761
1604
9640
866
718
4660
5117
2665
620
8898
3090
4426
2439
9940
3535
2669
1438
22
7571
302
6885
1564
9504
4865
4686
3045
3542
2197
918
8398
4806
4701
5948
9807
5805
59
6844
1783
444
4898
3660
7089
101
6708
3640
4511
5855
3208
5665
9878
4632
3206
2754
6779
1380
2246
3168
7971
8600
4672
8393
778
2304
1292
2180
4639
5541
7515
2451
6026
8200
9713
6236
5676
569
3437
2670
1283
2396
8691
3344
1117
9386
998
8517
5045
8810
1693
1593
3583
4065
4356
4576
2952
7659
4412
3369
2167
2473
6874
6482
5107
372
857
5052
2642
7405
8437
6584
1072
8891
4495
2131
1288
8742
3699
6700
293
993
5126
6077
3834
8770
3631
4898
6248
2101
1792
8746
3898
3840
1077
8818
4403
9040
7442
1650
410
1043
9602
7927
4447
227
7326
8637
1763
4177
6829
8554
6344
8349
8341
2675
5567
9357
2496
4341
3327
360
6410
704
9966
422
6908
9637
8513
1803
843
9177
2674
4153
305
6617
3480
4701
1141
165
4139
2876
8608
8652
818
446
9235
4378
9967
6810
8075
9356
5378
6906
6929
639
4651
8084
394
4419
4972
6069
1120
6357
6531
2913
3370
9605
6302
1669
3147
9577
5002
1688
5266
9173
5468
8373
8396
5044
7841
1334
9961
7155
122
728
1263
9372
9967
7470
1063
8446
3509
325
1951
988
736
8743
104
1535
8108
9815
8591
1971
5372
3536
8715
8593
4790
360
3723
646
6452
7061
8309
5574
6777
3811
6365
4375
5250
666
9983
3688
1445
7543
5987
4413
5676
218
2036
5822
5495
3077
282
8744
2291
6588
497
513
7734
9513
6100
2011
2804
2199
7055
695
4007
1078
2049
4118
8664
5980
6205
2754
493
4878
5603
32
8252
3015
6080
1238
8198
4598
9778
4613
4348
8502
4085
9077
9308
4960
6413
2394
2443
5449
6451
9015
596
3593
1586
9940
3692
4869
5925
7276
3119
7799
5189
7627
7268
3151
9240
6654
288
7786
3611
256
8861
9843
3951
9216
2105
400
8465
9515
9815
767
1954
1632
289
2555
2245
5327
201
5607
797
7046
5606
8699
3828
8728
582
5314
2195
3955
1364
191
7605
1254
3990
190
4563
1656
4406
6184
9944
1063
2563
8144
1674
7479
7751
2313
8264
3378
9140
8029
3040
2595
9110
7111
2563
5228
7658
3388
5913
7578
4098
3986
7075
3685
3825
793
3201
1169
7002
1964
3180
4282
1373
3455
5777
8723
8748
4445
9260
3346
9601
6574
869
652
2440
1716
6771
9385
2917
604
6292
3613
6632
1625
6052
2629
3437
4630
8790
4359
2569
9979
1766
7842
9755
2262
8986
3206
6916
3309
9666
1567
6205
1500
8650
5051
8813
1578
3294
6314
2650
3780
2690
1371
1431
8261
9218
521
6476
6488
8764
7569
4097
6726
7859
2380
5739
8297
6044
7924
9513
9856
9223
8004
6869
8535
1322
8487
6570
9873
8938
3817
6292
9684
2288
3328
9565
5294
7444
5855
8
5730
5632
7975
1
3119
2706
7049
1743
6766
310
2152
6113
8259
3585
6796
1959
4532
5353
9662
7365
1532
5055
117
7508
7637
2075
5178
9087
2648
7934
4797
3897
1242
612
4638
6250
9459
6520
3500
3111
3145
6041
8783
873
7871
998
8748
4818
2696
3026
164
8363
5120
2449
4033
9575
2755
4762
2547
8929
975
68
3392
6302
4890
3374
2800
35
6734
9615
3360
1765
7125
1087
8510
39
4684
8671
8220
2368
1731
4766
3929
8434
2707
9195
9410
1635
7732
5357
5340
7449
9566
7568
1136
2853
6945
2726
4884
302
6143
8591
7575
9344
9005
2740
5503
1418
1287
6826
1334
8487
2173
2436
1470
5986
2335
3641
9771
5416
3314
7326
2208
6083
4613
7730
5594
1087
5012
1943
5108
1838
3512
6687
5446
120
9520
6441
9445
6009
1098
790
2135
350
6371
5050
1873
7805
8099
4367
4342
2072
7891
2843
1411
6500
187
1228
4834
608
3251
8594
5118
1725
898
4597
6128
9869
6644
3121
838
580
3493
8287
3555
298
3360
7754
9773
3913
4826
3387
1182
7397
6846
8593
1739
2928
7297
3654
4469
9952
8263
5862
9238
4702
6413
7360
2910
1320
9734
4972
1345
9780
7374
3372
6751
9906
2397
9871
4379
707
747
4467
6987
1356
8725
7200
8613
3120
4985
9759
6584
245
3559
3680
7155
8841
2436
7278
8358
7917
2330
1315
2876
916
2526
1220
6876
8477
9970
3092
9029
888
6661
4186
140
3377
9706
9150
9547
8628
9762
855
8927
4716
3614
7488
1971
4683
5604
6884
9790
7285
7508
2592
3293
7855
3411
2929
7950
4645
29
5508
3899
7397
9596
6303
3580
6167
6692
5543
4800
571
7636
4561
6602
8586
8735
5554
8537
7326
8692
4890
2033
2331
2933
4203
4971
3563
8526
7160
6462
5494
5605
9125
2483
4769
5135
3345
158
8282
5938
1737
2672
913
6846
3114
8724
3018
5238
9156
1528
2621
7730
4707
5672
1156
3164
8298
5091
4825
926
6034
6880
7557
8726
795
3745
8157
2141
8223
7744
534
9439
9956
3772
1210
442
41
5977
1360
1310
3489
8438
2953
645
6833
9291
2176
1622
131
1602
4109
65
6664
4245
9804
6374
1535
65
1628
5118
5652
9243
3073
1659
5399
958
7702
2915
1763
7222
2653
6481
8559
97
7828
4393
598
5008
1238
8288
7823
3194
6109
4894
65
7444
6249
8009
7014
2891
2810
8118
8254
7643
7176
5166
8019
2507
7636
9227
6396
5341
8691
1161
6101
6997
5405
948
1069
4309
8901
7928
480
6076
1028
6657
7949
8346
4811
6502
57
6709
9902
7953
5899
6167
1599
8512
9590
7951
5887
6911
6009
849
5948
9319
8283
967
2404
6063
1123
2203
7617
8075
749
5816
6467
7571
4438
9876
6271
3732
2221
1074
9116
296
7580
4673
5636
5132
5165
8517
7486
4723
2692
1652
8175
3930
554
8130
4196
789
3621
5788
2296
7199
2281
2093
7375
1883
8517
805
8805
4098
5897
9633
3300
9655
6225
6152
8824
9659
9236
1921
6584
1369
8552
6516
9698
2404
3609
7752
5697
1499
3641
1253
7429
1824
9630
8626
5735
4433
7548
4322
8001
3931
1522
6186
1572
3826
4054
7797
4156
1771
416
1807
3224
3654
3351
7785
7105
8587
6852
5859
5565
2449
2416
1148
7305
9042
7716
9302
6322
6361
9637
2527
6583
9317
8797
4517
597
4580
4937
5712
3305
3027
5763
1449
5931
1419
7622
5777
4590
2744
8635
8632
5341
2323
5893
5665
4633
9380
1490
3817
4861
3354
4923
5333
1399
6151
3838
2025
4062
7882
2330
7348
3442
7552
7934
654
9269
7374
9815
8000
7539
2937
7951
5103
1637
8106
8378
2955
9519
6529
5649
2966
8470
9191
7871
295
6522
7224
9212
8732
1389
8540
1959
3106
7479
5570
9829
3937
2059
1151
3394
6504
105
9950
6117
8387
2891
9880
1784
3397
3553
9305
5639
5411
173
9102
8490
3436
9684
5889
5069
1521
6710
7331
9090
7080
8397
8230
9696
5917
2697
9659
5147
8075
1208
820
9688
6867
5282
6858
9860
1872
7133
7826
2601
9470
3828
3353
6409
1764
5222
4126
7528
9634
2574
1249
71
8569
7932
677
3464
8713
9939
4767
5058
4103
9890
4435
6815
5444
2572
2384
2677
2795
8425
2609
6590
798
42
6728
528
7883
3465
8950
1644
1983
8936
8786
7007
4049
1381
8646
5419
6800
7415
7912
5730
2605
9898
6267
3733
8000
24
168
1898
6194
5503
5537
6431
7774
2788
7113
5738
5000
1689
4014
9384
4775
7958
1726
8354
7742
5655
5079
2155
3757
2350
747
3346
2744
6293
1905
5242
2379
8631
8855
64
209
6268
2400
8481
8127
9724
9805
168
3502
3169
8643
7117
4963
4399
2941
7260
4053
29
6689
3927
4510
765
464
1084
8308
1937
6709
6563
2608
5060
2169
8077
5412
56
6717
6516
322
3444
8234
9401
2060
6508
5010
5232
1367
9324
5379
7088
7817
5232
1141
9549
5382
2942
214
4080
1756
5835
8400
679
2785
1245
4804
1997
1074
6589
8917
1075
2017
1113
5911
5950
6113
9114
5347
9991
6397
6759
9122
7103
108
3508
2360
1307
1395
6328
1592
4612
3241
6092
2977
3421
6629
278
7734
7346
4455
7375
8041
7234
6664
1403
3054
3870
4792
9890
677
762
5673
8085
146
9584
1283
6487
7110
2634
612
5437
8394
4356
9875
3475
340
6272
2936
9211
2279
2356
7710
2584
8360
2881
5307
8293
9641
1472
6260
383
292
3901
5747
728
6032
7072
9709
6994
5226
3102
7913
9323
7764
1894
8839
8476
8550
492
836
490
5919
6387
3815
5495
3137
5187
4888
9569
642
35
4046
7603
9405
2024
7638
6668
2826
7615
1789
7115
1751
6700
3281
1505
7246
6324
8034
1505
7564
159
525
597
7883
610
4989
5378
9613
4732
2780
4236
2706
6282
6912
2135
9749
6321
9493
1983
327
2057
3342
4913
5438
669
4196
4877
437
4699
5925
9416
8523
781
2591
4742
6161
9187
2655
2791
4822
2715
523
1489
1583
7271
7204
8893
4944
4489
9121
4589
7348
2125
6186
5134
1337
6599
37
3398
8121
8144
3531
4266
4967
1130
8364
1895
7586
3254
7721
7577
5869
1617
754
6094
5109
9291
6453
4015
8836
2558
1369
8712
7175
3352
7152
1796
701
552
7748
3319
7940
529
3113
5721
875
7989
6396
6526
564
6050
6111
1833
8808
1432
5950
6
9217
735
9625
9609
5181
7287
2367
1203
7148
5691
6942
8388
581
9035
8925
3046
6196
3882
5887
4096
5012
8657
7892
945
8538
6437
8104
5865
5809
6362
6575
1928
7442
3885
790
3894
6695
1166
1326
3074
8888
1234
8755
1000
8464
1902
2637
5268
7236
5335
8409
8353
7385
907
488
341
5905
4839
2689
7937
7616
1133
3056
6599
2584
5605
3940
6458
2671
2648
9167
3082
4237
1745
2939
9519
590
6332
4432
4523
1151
1747
3410
613
720
8002
1789
7470
1046
4742
6488
2525
5382
4615
2122
9184
3924
3248
478
6099
9102
6579
2136
2139
2797
7733
5348
4152
5965
6919
9920
9350
9175
9425
1223
2306
7219
4347
6512
6236
2880
1044
4592
8544
7661
91
2001
3422
5499
2494
3029
9065
9490
1150
8428
6336
9657
474
4172
6381
2473
3229
1908
1982
4844
3065
645
9533
965
3110
4731
9480
3354
7272
6642
3555
916
8239
7961
8209
7619
650
6443
305
5541
6557
5636
1258
5781
788
2294
8496
287
3925
8678
1956
3819
9673
2374
3308
1779
2691
2966
6286
93
2395
9215
2281
904
7035
4526
8005
8751
2219
7202
3976
5990
4171
6457
386
9298
7966
7579
5434
4274
2076
6013
3459
5105
3796
9084
3340
2906
8297
3379
4879
6832
6022
4290
4678
5162
1461
4384
4353
6415
1958
7616
948
584
1778
7445
6987
9482
9267
1241
139
5337
5728
5871
6886
4604
3801
9914
3695
1650
6515
6465
672
7354
8699
6980
3022
2808
119
3232
859
7473
3301
5121
8793
7085
8802
9705
6473
2291
9262
2797
3660
3642
5496
6370
9230
1069
3327
1902
1296
9324
6989
8826
8147
1291
7626
1426
9753
566
7399
8533
4239
5467
184
2187
4718
2790
9938
2387
2489
738
1999
4938
6076
4348
8416
4085
2417
5328
7641
1591
3214
9530
5017
4503
7556
8814
326
4478
6920
875
32
9619
511
4235
3450
6326
7138
5450
8163
9107
6196
2581
5801
4432
5889
9736
1954
2831
1838
205
7534
7463
8879
2857
2218
6400
4975
4214
3856
8803
70
5442
7417
7238
5560
1985
8525
6084
2550
662
8464
5203
7485
2444
2127
223
3122
5935
9814
6020
3341
9867
135
4972
9376
9630
3215
913
970
782
6570
3505
5556
8500
3536
2565
3868
1704
7197
4849
2592
9987
9645
9652
8646
2662
1938
2222
1025
6150
4042
8961
4549
3029
882
1498
2646
9184
9140
4113
2252
8834
8061
1865
1882
6573
2366
8042
2789
1967
330
3443
3592
285
7828
8546
909
1799
6207
6161
1902
2113
2641
7264
7916
3514
2629
1853
692
9606
9681
6661
8848
3834
309
5932
7517
1791
5449
5110
6535
8597
4173
4075
6667
7012
9153
4356
4821
6610
4198
8779
9834
1211
5684
7554
4637
5992
9823
2417
9449
3491
8799
5878
6068
4672
1972
9118
5959
6385
2442
9745
4117
3022
6157
3267
8947
2766
9606
3912
6002
5505
2308
9831
7156
1410
3178
8979
126
544
8845
9720
1742
9
7948
3786
6591
7925
8157
7868
7468
6600
1804
5053
495
5606
9367
4211
2146
6309
8403
180
9438
6865
1421
4013
3256
4062
4240
4432
1294
9862
4441
6871
859
3911
7008
8562
4668
8502
9371
6557
1749
7734
6885
1857
1449
264
5998
1683
6203
3854
235
3
6075
3636
7053
2143
4429
4116
5134
657
9487
8378
3487
2015
631
8107
2935
8753
2106
6443
8053
3288
8019
8782
8194
161
4119
9250
3572
5601
7225
88
4412
659
9835
8227
2482
8148
5391
5039
4803
7063
5589
2995
7848
1131
1411
5280
5647
42
7421
4945
5270
9012
6704
2765
474
7535
9792
4542
2380
9667
229
372
7855
7666
6275
1555
4462
1320
5575
1599
9232
3515
2603
2870
3233
7254
7404
8272
2372
8414
6587
7954
7669
5152
5212
4869
2533
1840
7323
7606
130
406
127
4587
8587
8153
5428
9798
161
6508
9594
1222
2702
7161
5289
6211
464
3844
1244
6935
3819
2706
9176
8566
6609
4393
8355
2017
252
7838
445
1953
2782
2345
998
8051
9296
9446
5091
7237
2557
5332
8391
5516
9930
7600
4244
8838
6580
5048
2445
4142
3649
5705
3022
9038
7992
9462
4055
8451
6503
4018
3507
6599
1942
5875
318
5465
6353
9752
6314
8792
6099
4976
8124
4722
9940
5734
6253
4319
9035
7935
9811
2
9311
9160
7848
7198
3699
3218
5027
8300
4964
1059
154
761
9079
4134
5788
1652
5636
2109
1163
8024
2258
6666
972
3716
9786
5258
9198
7494
3175
770
5095
1495
1477
2843
2690
2997
7276
6020
9386
2949
3983
154
2697
3305
3755
9274
251
1431
2866
6964
6728
9969
5389
8366
1178
6452
2627
4715
5747
7828
9608
1781
8796
6149
7404
5477
8306
1868
6202
1610
1804
791
5156
352
586
9697
796
5664
8362
4328
2200
6256
6391
2307
6673
6731
32
4085
6530
2866
4144
9253
34
8552
7017
7334
889
5213
1991
9291
2738
8762
4474
3759
7973
8393
8449
7287
4192
815
8367
4645
5774
3623
3689
3715
5269
2800
3738
2758
3805
4459
2470
958
7604
4723
4281
208
4356
7338
5813
8231
5227
6768
8652
3359
7076
290
1501
8235
1940
1778
9624
6047
8063
5143
3223
4827
433
6678
9640
998
7239
7591
794
2726
6093
7655
8502
7212
6176
6166
1180
2667
6343
636
8692
8966
8275
4113
132
3996
3106
6617
8982
3868
2861
6392
5209
8669
3488
8060
195
932
5311
6050
1908
5546
8583
9805
1783
5309
162
2391
7773
8162
459
7796
1350
4179
2479
6742
9013
5624
7936
6814
6869
2722
9644
8017
5108
903
8409
3624
2481
9373
7740
614
2492
9716
1956
6112
6681
8345
7528
6491
5617
3226
1601
4024
788
795
8573
9709
8441
8043
4833
4969
3782
8240
5626
3230
6079
5547
9716
6010
8465
5780
4068
6055
2850
4842
5366
4384
9413
9347
5007
8234
4981
9146
1370
8838
5167
1637
7557
1316
9431
4928
7081
5286
2976
928
9128
5572
4550
9979
3386
3315
771
2433
5635
1095
910
4120
329
8819
9966
6404
6159
1742
3032
437
1995
6051
4802
7920
2446
9848
3370
8541
1478
2029
8194
5416
3623
3008
2622
1232
1441
2347
7382
6748
3309
5594
97
8501
9729
2752
7255
8890
1484
7890
115
1340
3334
8034
8138
7048
1718
8374
1552
7883
1042
9229
73
5309
5972
4918
9133
4867
9856
3670
2518
7724
3956
1161
8479
6370
7239
7526
729
4986
4424
4281
2072
1342
8541
1222
512
9494
8422
6468
5896
1463
2610
5926
8029
8624
3957
5792
7645
7431
8490
1971
7137
5874
9108
2417
1739
3208
6471
5303
3207
6353
4914
962
732
2961
5977
8417
4060
5987
5423
9918
2948
968
301
5922
8104
3670
9544
1011
8229
2563
4395
2589
3969
1500
5651
8948
5155
7015
6263
7392
6700
1985
8066
4809
6655
63
7101
8198
1258
7807
759
8452
5504
133
7287
2516
1357
1108
9430
4708
2089
8262
9997
431
1818
640
8476
7722
7545
754
700
6702
2780
8158
7502
4086
5713
7627
4669
1620
8331
7534
7934
2503
6490
9521
8807
8445
8574
9956
8265
6630
893
9643
8171
8399
4637
9511
9881
4591
7931
3153
3884
355
4348
5129
4145
3189
6499
4208
6351
7903
8160
7727
4342
7440
8625
9297
1682
1140
9040
6532
5647
9205
3448
8134
7486
8549
2638
7298
61
7905
8869
4331
637
7077
4794
9731
4250
6909
4292
619
7585
4774
9510
1900
9065
869
7169
1091
5884
3109
4405
3937
3186
9835
6889
1349
8507
60
391
4330
1342
2225
3699
4783
5395
2150
2026
1664
9330
3858
7273
2237
5558
8663
3307
4142
3921
8718
1107
7283
607
4662
7946
2138
7598
5156
1999
1325
9864
9006
638
5314
8810
4255
1622
9951
7473
1993
9538
7542
9844
5153
8492
524
1028
5283
4845
6584
3190
7913
5602
9216
7014
807
5333
9964
7785
349
9281
2711
6167
4941
3055
5009
7771
966
2767
7672
5827
2383
9459
4103
8935
1515
7785
1585
1042
6894
685
2566
7122
8035
8157
447
9712
6766
4012
6940
5896
2536
7912
9638
4538
9031
4224
3172
34
1433
7319
7794
2423
4615
577
417
9186
6462
5293
5986
9325
2628
2523
396
7409
8008
8317
5122
6687
3307
6743
3412
3274
9595
178
4380
1765
2158
2809
1575
2675
4274
2813
9186
1863
1304
4209
3775
3578
9110
1792
9896
7351
6620
7980
5640
7808
4054
9083
6207
1382
8921
9629
8069
4436
115
3562
2350
3708
1463
1213
9740
6701
8442
6053
5897
1394
8149
5097
7029
4380
5319
8759
3520
3604
9126
6770
2176
4559
8471
4216
6134
9298
1416
4188
869
3913
2430
121
5017
9173
2787
9201
2444
6202
2518
1773
7593
3790
2242
1769
3521
930
9424
3646
4012
6932
8227
2986
3959
8389
6157
8463
9340
4537
268
9998
2886
9021
338
328
665
8648
6477
5394
7472
4200
8114
882
3858
581
5242
6831
1339
7143
1503
6954
8589
7270
6890
1131
9506
5274
8902
8802
6646
3263
9744
6721
1400
5427
552
2446
9694
3056
2081
7538
7100
6347
875
2263
9637
5038
1547
4345
4647
1810
671
22
9494
8420
8954
1417
1934
955
6538
9685
8494
8208
5939
9562
6059
2129
6027
6066
729
3495
3655
2179
6728
3517
8873
1154
7083
635
9491
8274
1834
447
6984
2013
7602
645
1750
9666
7467
9888
88
4929
7212
9325
1983
8186
1614
554
5340
5044
5268
2164
1065
3698
2558
7581
4926
5646
8248
1744
7318
7097
2314
1772
56
6717
7045
205
6480
4875
8490
223
1438
8446
2501
4541
8420
2825
8836
2946
1723
9931
713
1210
1470
239
2040
3824
5494
3673
146
7522
4584
3526
5421
8437
6653
4967
7327
8134
1284
8507
2055
2942
7909
661
3844
3113
2690
5217
7737
4528
2653
4725
7040
5858
9538
7451
5267
2746
7987
870
4733
248
6534
364
7862
6757
3323
6281
3806
849
2278
112
8473
5951
122
3035
2625
5051
3392
9828
4285
9350
3429
8252
2687
3933
2298
1222
7196
4434
5294
9481
5603
7598
8507
7903
7420
5634
9458
6543
2524
3005
5430
1213
5047
7991
8011
8682
8919
5416
9283
6555
7775
8906
6874
4462
3267
6184
3409
8042
3558
5175
8990
1713
4314
5023
3405
9025
288
9394
8384
7828
1986
6119
3255
181
7814
5259
2697
1366
5533
5595
7185
2714
7445
4782
1915
8981
2642
291
4740
6480
7782
3794
1160
5420
7896
1095
7470
8273
1324
6313
4490
7584
9358
8184
9140
3186
8411
6506
177
2315
3137
7124
8308
2484
9808
8518
7717
3602
2369
1400
1893
8330
5404
2759
3411
7115
651
9768
1285
5545
6452
2315
317
7245
4570
3863
9198
7848
2779
5988
1931
2898
7210
5432
1283
6608
3818
588
7326
3183
7020
7005
8363
5201
5982
3471
7400
3257
43
1570
4092
2452
1411
8442
4080
9159
6108
5767
5740
3784
6966
171
1020
320
9443
8631
4954
1250
4801
2207
5816
2627
3926
752
319
7818
713
1589
4261
392
8312
9912
5605
7883
4178
3797
2973
1944
1852
5671
1556
8379
526
5409
3176
5424
4665
348
4245
2055
9105
5064
2422
3822
1569
2864
4102
3578
9742
2764
4546
3522
666
1022
5950
2324
4293
9574
3990
4430
8561
2120
5349
4985
966
9015
7656
7095
2016
4847
5639
1183
7724
9791
6812
5090
5629
2438
3809
918
6292
1663
6426
1686
889
5332
6191
2159
721
7940
9353
5527
3701
5329
4057
5849
2031
5013
6427
9172
5400
5336
4266
6257
505
576
7219
2907
5455
2281
6983
2588
2106
4990
1542
9130
2491
3244
83
5381
1039
1091
4168
6858
7664
9300
6226
6118
9090
8402
3849
750
3846
2412
40
6241
778
842
409
5599
366
9775
8031
3495
6563
1977
998
1735
4901
9857
994
2870
3863
4830
2158
2908
8516
1992
9844
8588
487
3317
8556
8493
4959
6573
5385
3870
5561
9489
195
3517
3227
7102
3714
2599
219
1093
6428
335
2470
7652
1876
2572
4963
3227
3129
6883
1527
1037
3351
4158
3249
884
77
7939
8648
5131
1982
5017
8064
7375
9822
4763
3977
7271
7785
7854
7365
3390
8799
7200
6794
5967
5454
8938
771
5734
7710
7834
3834
23
6736
869
6075
9165
9120
7242
9433
7295
4603
4076
4575
8668
8226
9166
4621
5491
5014
4796
7177
8002
3532
942
3413
4197
6758
6775
8461
9713
712
3805
5171
6643
1334
2616
5894
1109
4230
2415
5999
4663
8465
7183
8069
3775
1022
1942
5031
2326
958
4551
7098
7356
5403
9996
1939
3878
6733
591
9403
2780
1118
912
9329
3850
8035
9493
4098
1980
4905
1984
6849
9924
830
152
2969
2947
5871
1100
2147
5952
2305
5610
4687
2404
6675
4405
4846
21
5420
4527
8112
2216
9354
2112
3036
3148
8636
7001
2134
7703
7364
2079
8356
2020
4409
7757
2082
1362
290
5790
2783
2274
4134
4703
9157
4942
977
3814
3653
1443
4433
4289
3352
1709
2345
760
1305
9635
3416
2887
6526
3345
2532
720
4529
8719
4134
5971
6559
4698
4707
8273
5509
256
1891
1806
4375
7320
8674
6754
2004
601
6059
8117
9253
2911
6740
6659
6846
1386
9250
6660
6572
7718
4664
7262
7767
8247
5080
5456
8397
3261
3330
1374
7664
6241
3106
4774
840
3774
1289
4088
2079
2580
4077
6768
705
5201
6039
8851
8367
1606
3001
9363
2521
8571
6815
4035
4995
6048
1714
5594
9927
1312
6763
4766
1862
3061
6975
5021
1319
8878
7154
5474
8835
6674
9350
3165
4397
3697
6696
3733
2785
4325
9188
8423
5565
8113
9407
2267
4583
1065
9798
3879
9895
596
8531
496
7683
1385
6754
7412
6407
1481
7200
206
3232
6225
1222
4073
6275
5112
4539
8339
3564
2485
5214
5597
6561
6137
1755
2320
6467
5655
5160
5687
6391
7815
5469
2258
8489
9679
6764
477
6836
9641
8634
5092
3832
1223
6608
1404
2794
737
8621
6264
4170
6586
4580
2593
8898
5647
7318
2861
9715
7852
7060
6591
4249
3827
9630
4238
4636
3350
1181
8851
8609
9538
4086
3911
8603
4315
8264
7950
2274
1395
1442
4161
4798
6884
6179
8268
289
1517
2446
3855
1471
9297
1702
6931
5160
9895
5639
5473
8528
5059
5036
6890
3239
3162
5796
8076
8378
1737
2201
9937
4243
6928
7076
8990
7191
7188
7351
5295
536
9463
6267
4804
4226
9971
8954
4610
6817
7893
2463
6949
4961
1338
2824
5820
9944
5514
1302
2808
7064
8567
7632
633
3168
9052
1427
383
9937
7467
4815
9502
2141
8084
5282
6939
6874
6952
2507
6727
7977
2117
485
3111
6261
883
8706
9864
4223
5611
3031
8544
9476
7118
1716
6244
6980
9550
4514
5540
4277
6012
5284
1760
8716
2693
3882
2153
7703
465
1833
1218
1478
2789
6637
846
8959
5170
1541
4193
1039
8871
6234
5972
8501
9610
6595
60
8157
2940
2916
4275
6867
5697
1319
138
6734
681
1753
4370
1558
6272
6556
1028
9216
2739
5438
8897
5700
4440
7820
5907
7124
5194
5539
8719
3192
7890
9744
9244
8699
1466
289
4103
5454
8487
2188
7666
9526
1990
6952
3210
7080
8957
9852
7480
6769
3276
7831
6499
4232
3295
4681
3810
5095
1444
8005
5327
6969
8098
3252
8238
5447
6606
7499
6737
3975
7590
762
8586
8170
9206
4725
2223
2481
4085
5631
3744
4475
9049
8748
2620
7150
1811
6108
3354
8489
5760
9598
9343
1589
3153
4510
9017
8149
8784
8961
6600
9808
7352
2340
9172
5895
9420
2227
6415
1056
2599
4074
4276
8879
5551
5269
8809
3440
1256
3913
5776
4808
6930
3722
3479
1798
5996
9092
2401
1451
6406
7536
7837
7771
96
3537
5792
7231
6860
8431
6580
8020
4141
4891
5333
3879
588
7928
921
2765
7625
8111
7489
4160
5479
3314
1832
9526
533
1165
3730
320
5707
2018
5364
4309
6715
7300
8460
6430
5102
6080
5673
8168
3964
2158
1520
7748
8834
5518
7909
9132
8413
5354
1271
3146
7972
5925
1216
9241
7344
1902
2485
5134
8727
4505
7431
1772
2416
8371
9543
1220
2802
4985
841
1202
7193
1147
1878
7366
6224
6596
5833
9418
9088
6213
8320
8246
570
2058
7204
8272
53
7897
8714
6105
3063
4623
1329
9308
5586
9931
4570
5960
1794
9530
1498
7564
1287
1620
796
1144
3819
7761
8124
2077
7859
7403
1996
9992
1869
7711
6509
8332
195
570
5416
1891
4343
3576
1673
8891
8516
2818
5885
300
5807
8119
6796
7145
5562
2523
2057
6935
5190
1396
2347
8056
4029
6553
637
5244
2258
8919
212
1988
2951
6612
931
1971
5911
9995
2313
1130
122
7152
1353
1564
3426
454
1122
3901
2684
1252
4907
7128
1636
410
8476
149
5587
5522
9496
9367
3191
1203
8228
2269
1710
7239
4912
8769
955
4411
6208
973
4514
2881
2302
2310
3694
6858
6942
4293
1749
3995
7775
9701
5044
2670
8767
9279
3983
7196
932
5016
1286
8657
1010
6294
3904
7482
4164
3487
921
4142
3322
7022
163
3174
7068
3132
6589
5323
3919
5739
2133
193
3333
3767
168
6103
0
7986
9970
9291
310
5790
8081
2161
8841
2561
3857
2063
9428
3502
318
8555
242
5129
9893
5046
1754
1424
77
8368
1580
5844
3106
9598
7734
6761
8290
3473
6157
1478
3687
9946
2865
2175
7504
2468
2227
8791
6704
3763
4048
6150
2659
4368
6865
4583
2832
5493
9327
7938
2459
4149
5144
9145
3331
1355
7615
9830
1115
3363
3369
9976
801
4559
3978
7811
700
9474
4416
6395
6185
4681
642
1200
164
116
3298
8767
5180
7272
6448
8197
4179
4316
2915
6611
138
8586
1943
9429
5245
3350
3191
7820
4924
1552
7536
4671
2799
9935
3698
8880
3929
6052
5543
9183
3732
7485
8617
4390
2958
4149
318
1414
6537
4006
3135
5977
7816
8262
3543
499
521
5224
4313
8475
4442
7624
5204
6323
4286
8093
1357
1124
816
7878
6904
1544
234
6594
8051
4738
4330
4022
4738
4641
5305
1003
1404
1188
4474
2814
6334
2993
3826
6204
8815
9947
9725
112
4744
5450
3006
7713
9803
7534
9483
7371
47
6700
7644
2792
8107
791
8409
1531
6117
6326
643
8291
833
380
1432
8493
2673
5004
5851
913
5800
6484
3783
4565
5800
4998
2865
5829
7607
5026
3849
5222
6607
6344
6839
6676
3709
9459
8708
8118
6630
8495
9418
6916
6828
7606
1201
5121
6599
1513
7162
9795
331
727
134
7827
1991
8352
603
6370
1735
3932
9753
9733
150
6938
997
6374
8918
7632
4120
3807
5433
1431
6064
6971
7448
268
965
9747
559
3726
4735
5396
2807
7261
109
3300
8102
9503
4138
4829
3513
8490
9145
4254
3877
4503
3000
6946
3013
8287
2964
973
1553
2938
4009
6347
508
803
7739
6157
9632
7517
1905
6695
4170
9546
4647
3123
4775
6677
5897
5839
1014
8869
2449
6927
4594
7061
3666
2194
2134
3816
319
5466
2680
2228
1822
1121
3150
2767
1163
8583
3651
9115
4365
5873
8305
9219
719
88
796
4536
1423
1005
5706
7862
2498
3797
6248
3459
2513
9239
4380
3314
2911
8881
2790
7884
7569
6769
545
768
4762
6845
51
7385
3062
5419
9979
1034
2017
8127
6824
7451
395
3524
4998
4702
7042
9445
4918
904
1855
2406
52
5851
4756
5182
2439
3409
4602
5109
1023
580
6459
6049
8458
6293
5276
1516
6482
735
2057
734
1650
1842
6535
4145
8697
1112
3459
3530
7904
4893
8412
1560
9879
9699
5743
3567
3775
203
8559
4752
7273
2171
5646
2893
9368
1735
8545
3212
2528
8207
4105
9051
8266
1182
1089
2553
9032
7978
8493
3562
4662
4454
4475
2174
4651
9536
4304
255
5339
76
4721
7931
9634
2813
6559
1885
1374
1038
8253
3644
1157
7352
4888
9398
6834
3192
8118
3293
9307
860
8930
1212
4712
4445
1501
5129
561
6698
5112
3191
929
9024
9319
1500
7609
9217
1291
9847
3535
7181
3716
9718
2524
8172
3842
3441
3563
5303
2207
9701
4141
2964
5724
2365
5857
9868
9938
7215
3777
6050
2599
7891
3684
3028
5539
6626
6460
77
1805
3882
6480
7281
9576
1787
1009
1317
2440
5876
4764
6066
8689
3179
2494
9289
5293
480
4987
8403
3263
4509
7684
8417
9793
258
6101
8287
8640
7061
5578
7841
4959
9662
6049
5658
6047
4564
257
9966
4817
4370
5887
9669
4511
9731
6683
7892
6824
3536
5229
9173
4637
4588
8325
6024
4103
3467
8881
1394
823
7143
4879
888
129
6528
6686
3272
9368
4926
2971
6383
5312
9936
6639
3793
6355
3332
5053
7190
4181
6672
4579
9048
362
478
7534
5955
5337
9266
8502
6631
8664
3455
4892
4442
46
4113
4433
5880
13
2098
3164
2886
74
9432
9875
3702
9869
5071
36
514
5926
4645
3062
5105
2298
1629
5555
9048
931
1300
3250
9765
8024
3710
2273
1425
181
818
9939
5694
8068
5053
8090
3481
8503
7887
984
6312
2761
7719
5473
4361
9099
4051
5281
1326
7652
9987
8154
7072
7441
5747
968
8215
9358
6959
4616
6968
8427
9926
7472
9462
7337
9783
7957
5748
3022
3760
4465
6840
5217
5226
8990
5587
131
3624
1817
512
5534
7649
8892
9535
3006
8266
8230
6435
4497
3494
978
554
1957
8643
3369
2400
2748
2565
781
2787
7087
6592
5963
938
1710
1823
4651
3426
3386
142
2854
4443
7003
7624
210
8980
4497
2007
4529
3124
3066
1688
1658
2660
9296
6777
4507
1616
5671
1056
4806
9176
3386
6335
2748
5081
1971
3144
4917
4405
5807
3899
6263
4107
1484
4466
2580
1416
1896
4668
2287
8835
732
4044
7254
7086
7081
9175
9272
1108
3802
6510
3141
2537
4743
5222
5948
2126
3945
9463
5150
2747
4668
6041
8663
6592
6815
8168
3535
5894
3760
5882
8724
6418
524
3031
3072
9953
9747
4680
3614
7583
3484
7227
1487
9706
8744
4227
5951
4539
9699
659
1435
4828
5865
3773
2551
4174
2322
9976
7761
7895
7782
8468
2038
5040
1542
5751
1346
700
1032
6724
5735
8999
2607
4308
2952
5271
6169
2038
394
287
8974
981
2399
5237
9631
3700
2860
4990
9887
2603
751
361
350
8053
928
1421
2688
2420
7148
7000
840
118
814
2979
9130
6919
4707
8407
5105
6747
7983
920
8108
4924
9245
1891
6466
3072
5289
39
8362
7489
1119
2643
368
2111
8042
9208
3556
3198
5201
634
3067
4766
1652
3715
9482
8714
3733
9554
4629
336
2661
4336
8830
2768
1401
8892
759
9941
3573
5400
8810
2356
8145
9260
4123
8799
3774
836
4023
2963
9504
429
5773
8761
7488
1022
5347
7231
7040
3480
7022
9748
5685
4176
2886
5582
9015
1589
4327
8308
7232
9914
8166
8862
7175
1283
8633
5098
990
7379
1729
2779
3961
7908
2479
6031
9437
5071
736
7160
3541
724
8935
3132
27
1969
7453
4642
1976
6318
5624
7674
2813
3960
5169
881
5602
5231
9950
8904
3294
1709
2730
4900
9525
6193
6570
7010
5816
8739
9215
888
6212
4512
9000
6637
6329
6361
4947
5295
7237
7602
373
2825
9366
438
8455
1304
3318
9357
2362
1777
5343
1419
4728
4611
6907
2124
8717
9180
2155
922
8207
7651
9578
3912
3761
2030
1443
1974
7882
6209
8168
9013
9284
359
5377
7372
4194
9141
5241
2451
5461
9435
6229
1823
6909
2529
2030
4738
7889
5864
351
5570
6339
7005
1278
4389
9233
6521
9875
5730
1746
7355
9751
5024
5294
6217
3337
3445
7720
453
8349
8851
4054
7190
7500
5885
4760
3056
9112
108
9274
4786
6672
2101
8117
9646
9848
6219
9727
417
1819
8467
8190
6055
4817
8852
2541
4531
5161
6603
2240
9224
6126
8035
2008
4085
3361
9308
398
3497
5373
8800
8319
8009
333
7255
6605
4743
4650
1660
5106
9634
9222
7274
799
5969
4323
4532
7397
7837
4427
5815
516
9006
7
9824
1293
3665
1012
5745
4133
2350
4088
6995
1434
3489
1104
4798
9939
1143
5693
4709
4919
3496
4456
1569
6218
3783
1376
4561
4194
1040
8687
8263
8096
7799
8528
4526
8296
8278
2182
703
850
4018
6193
6938
8861
74
5282
9460
4672
6656
1316
1144
4612
6633
5296
3462
9226
3960
5653
25
6664
6937
6179
7150
1458
3843
9481
7847
2393
9350
937
7598
3655
3848
7022
9910
8905
9484
2201
2619
3640
8684
2833
6871
6194
2338
7061
8078
4086
2183
4256
3691
6587
6144
3345
7113
9542
8044
5432
8120
3634
5014
9257
8534
3403
5913
5458
9301
5938
3182
2078
5774
5767
5231
1782
8595
5548
2764
1090
8919
1620
9928
5863
2665
9801
4353
7930
2514
6001
8049
949
5071
1551
305
6875
3325
7327
5804
4126
3624
1727
3637
117
1677
4564
9609
5413
9707
566
886
5322
3190
1067
7193
7232
6675
1039
1319
1178
7375
4849
5819
9781
7953
302
475
7033
4367
2788
7268
8336
6135
6131
9959
6568
8399
5376
7434
2811
84
8538
9206
6735
1683
7976
5185
3101
2110
3745
9575
396
658
5780
382
3988
2453
7512
1085
4713
3607
4823
4645
2181
6856
4790
9756
7472
8442
8567
4083
2041
6026
9914
8002
3404
4567
6376
2578
8714
1137
5567
8582
8450
4967
5034
4511
1247
2030
4852
9452
5240
4532
2240
1384
2143
7426
449
466
4747
6339
2411
1864
2451
5041
6851
1920
1519
8762
4538
4664
8848
3754
3433
6173
9700
8503
7426
4678
7645
3227
3748
3116
70
2815
1363
1963
7800
1469
5934
9565
3134
1626
3707
1542
6120
7951
6769
9077
2756
5908
1694
7758
1994
399
1608
9706
664
137
1257
8381
3159
1855
987
1664
3331
213
7871
6743
278
362
983
9396
5380
8413
7721
505
5814
4906
3518
8227
4067
7362
3214
9317
711
6320
8786
3882
5485
2349
7955
2448
2186
7505
1757
9567
3293
9313
6660
5867
2578
6733
7865
1071
8020
8221
1638
4219
2394
2400
3477
5900
56
3735
7306
3981
6253
5711
4422
6325
1517
1549
3777
7628
8637
2060
1490
8317
8318
5113
3450
8325
4956
9471
3265
7961
4737
2535
4939
5644
5351
200
8515
1325
3657
7514
2418
6396
7740
4779
8841
8171
2767
1362
376
114
8943
1507
