667
892
1069
862
765
22
532
264
966
1112
1153
1479
316
1056
795
594
1374
694
1257
1478
108
15
1161
1453
1151
991
542
1145
1432
738
247
726
215
960
507
258
951
1165
1134
864
417
1003
1216
1038
467
784
648
531
1433
129
130
1322
440
613
472
674
1228
1323
265
266
703
862
1083
469
551
1500
513
222
82
203
332
990
1197
1451
886
1340
1266
871
272
1071
1403
1395
189
1338
1165
1053
1332
1371
1270
70
82
492
626
1232
1006
309
420
505
960
805
976
892
260
1371
1165
431
251
1150
404
1124
1159
825
857
1356
1279
806
1419
751
382
1250
1419
923
117
261
1088
587
1106
871
768
1479
1056
1064
1057
447
1424
712
1169
309
18
840
869
899
596
439
521
204
1468
1044
616
658
288
1093
384
832
220
88
624
819
529
553
693
1132
319
956
94
1408
609
1073
1489
1390
1017
1142
1161
1243
750
742
1380
95
1117
90
742
1239
743
119
820
1485
858
856
31
1292
1242
91
451
1120
1492
1030
1405
1444
1260
1293
1011
1446
1012
231
1361
98
476
420
7
1337
206
1060
139
503
649
1033
450
247
1248
942
1131
718
1349
88
1449
408
653
14
1254
788
634
1374
301
901
193
414
727
624
275
1271
385
1036
842
1137
701
347
765
877
1237
172
1104
73
383
474
1414
26
436
1099
552
893
339
943
117
1162
1013
1244
1397
111
1487
889
275
829
196
1471
1478
600
354
559
1191
952
358
1286
1034
715
1030
884
1430
640
1230
237
1101
1049
1338
1235
946
278
1249
371
622
687
1159
784
389
281
1263
1402
512
1212
129
985
258
728
215
816
761
1163
1480
669
385
647
159
1308
1088
772
705
1394
1082
1327
115
29
1480
604
1174
106
1085
406
225
583
412
1182
2
1
33
1040
1424
864
493
901
1115
92
622
867
583
1246
1078
1420
1192
872
1009
483
594
528
855
31
847
1339
1133
1141
86
1153
338
744
1056
28
982
1397
465
1407
1046
675
192
99
430
854
51
1142
1096
1340
1044
442
553
528
361
1199
745
1275
78
618
1029
1095
1423
20
16
150
993
1027
1
1291
529
14
906
698
200
1444
390
61
1252
659
140
160
439
803
714
1261
904
752
874
832
931
464
666
1202
179
1292
176
420
1149
867
282
744
681
1427
1141
733
1469
510
1114
935
813
391
164
202
915
181
881
702
611
1170
1412
1005
732
1398
1410
1052
178
555
284
189
1064
586
556
604
1160
651
886
582
1477
1215
11
1190
418
145
279
73
1154
894
1354
663
744
386
224
474
825
852
42
221
790
1245
271
247
927
729
1498
1103
1138
813
945
724
1158
1499
366
293
56
1463
450
1146
1146
331
207
1162
944
597
233
490
609
1052
1008
1437
1249
1307
597
1073
816
1079
649
1147
681
1413
383
129
1065
519
826
630
519
704
1461
1154
968
628
267
635
1249
815
980
1212
1191
1046
999
1363
1254
1201
128
174
1331
157
266
315
1169
455
499
300
443
1412
1002
264
557
1024
924
1089
1254
1217
675
1357
838
656
1252
25
774
746
37
26
937
1282
1308
733
276
737
1443
536
1099
536
197
136
550
1065
1309
40
155
553
1214
872
1261
526
1404
1216
58
111
1498
815
455
1408
161
389
140
1184
159
621
485
648
1350
299
1255
484
845
637
168
1341
1426
411
483
175
1202
930
621
88
219
215
1279
578
629
908
1114
995
1234
479
992
1265
920
315
760
481
1394
1101
192
1108
1419
618
143
1212
1166
122
836
744
235
929
129
706
1460
941
245
934
151
853
1034
350
668
1393
970
880
1012
329
227
254
190
537
565
819
151
220
28
1427
322
162
1026
1246
1275
532
1053
122
1484
743
323
1237
816
1412
1124
1278
1024
1402
401
1499
995
411
927
109
1059
1397
1125
1182
926
420
287
811
715
369
1096
456
1012
283
759
798
1137
242
1434
564
980
1323
1310
1434
676
764
685
1461
1222
709
158
1167
664
534
928
1293
737
1047
202
387
987
1314
343
993
336
1067
673
1099
329
885
312
1308
735
1125
1488
1406
824
1473
365
259
468
1211
36
630
1298
1388
917
738
814
1324
130
1159
1428
1006
1129
210
146
1077
290
769
307
125
203
529
537
730
1266
403
445
480
1011
473
953
1251
1270
596
890
230
14
1485
721
1379
666
36
378
1155
433
727
1213
16
228
468
1115
469
119
870
989
310
1412
1495
1160
1209
1326
1306
1328
544
188
76
331
1070
721
183
250
29
531
191
1221
1480
410
40
566
508
366
399
1187
1032
1430
1500
226
828
1400
197
707
703
654
552
1269
148
206
361
1376
1183
1112
1173
997
1420
1210
677
417
596
857
850
662
707
617
1233
140
1413
159
452
791
864
587
1159
300
228
1034
820
1104
626
794
1209
316
524
395
386
465
143
1309
49
268
357
202
147
1232
636
717
449
1432
635
822
462
828
697
596
884
96
1216
386
931
1462
1111
770
567
1424
1355
98
276
1001
957
58
452
225
1494
343
1303
506
650
473
993
574
58
751
541
739
168
448
70
1147
144
918
427
845
1409
1028
503
550
281
699
821
437
56
1028
90
578
791
1146
1118
1105
851
470
185
400
637
214
191
269
1068
1323
1378
765
1183
1111
436
902
1147
299
415
1193
876
1363
757
203
613
432
1401
823
1483
660
114
1044
124
988
23
143
714
1030
1159
566
813
768
709
1103
790
1059
772
411
1386
325
374
85
696
1127
1121
1470
736
1372
1274
1493
454
608
770
1121
677
725
1482
594
34
1414
585
1465
393
1119
1247
522
284
1037
1019
220
1096
577
813
1373
614
1037
734
876
214
1310
1418
709
1031
161
491
855
733
690
434
100
852
836
364
656
1050
1381
556
1274
695
904
896
746
402
688
126
762
211
4
555
42
1143
537
1280
953
1199
999
411
1166
926
37
1201
1163
285
793
91
215
774
1003
721
78
1208
1107
930
638
238
1180
800
505
634
691
543
255
397
1152
392
1228
1466
225
1355
1140
891
65
951
121
403
640
434
987
580
108
1099
509
1142
7
1479
833
511
864
1024
710
208
1446
183
479
8
285
1002
1383
720
393
1371
478
870
1050
1297
267
128
270
574
971
1372
49
739
1385
309
681
932
964
1263
560
573
803
110
1378
744
938
515
1367
1058
238
482
1238
202
1094
615
1044
911
944
730
578
1118
322
560
628
1292
1044
854
574
1143
147
1123
1036
950
1229
0
1286
463
606
633
696
324
1252
111
666
154
1039
217
1407
901
720
1214
292
1417
1315
300
226
689
674
409
1480
808
417
1443
1408
1211
1434
472
258
895
152
1223
1024
473
324
110
937
910
1158
396
966
595
1404
943
953
113
688
601
998
1244
730
1282
164
523
15
720
1276
179
88
344
74
1394
1393
145
223
67
504
657
1438
577
892
50
574
1106
671
787
1369
731
438
327
919
1036
669
1116
1407
1473
1364
1113
270
1068
564
452
566
1379
268
1497
476
358
386
756
602
405
617
1073
699
582
1377
628
219
695
1079
264
1495
1126
350
1282
760
71
1274
1034
1006
224
414
739
196
1387
455
1328
315
944
623
1105
1196
509
1168
932
1458
1382
1007
299
696
1282
1464
34
1250
700
337
471
803
1445
584
1210
888
400
590
483
1384
590
1086
602
583
427
162
399
81
649
551
837
1203
408
500
851
461
575
454
766
668
1467
1024
1196
297
925
434
353
399
1362
1100
820
430
1256
513
1128
491
1436
348
698
248
1409
233
1001
461
1044
1273
484
735
1269
247
213
245
1382
715
1155
510
1110
72
422
860
702
514
357
354
1037
732
1218
1213
802
333
680
658
1002
83
66
1291
173
619
1074
844
1469
1001
483
1479
1286
602
190
171
9
568
352
823
688
1256
746
356
951
390
1377
