627
1879
1059
471
1529
264
204
2615
2650
344
2403
682
1246
1722
534
2271
1319
1608
1476
1358
1849
2394
2316
538
1120
278
751
2
1706
1248
2202
2572
2230
1123
2287
682
2540
1229
971
2842
2360
2843
566
546
2439
2741
1790
2666
188
2386
1876
2276
2781
249
1416
1311
893
847
2217
2370
345
2399
765
1110
2442
1496
2662
1092
2563
2322
407
191
2102
2790
2770
355
2495
2395
1373
2018
2545
1312
998
2202
864
641
44
1813
109
2219
2301
1368
2198
1654
267
361
962
1078
2267
697
349
1518
2102
1907
2367
2430
1179
962
1587
1500
1402
1521
1606
278
1607
2986
320
2893
2132
863
1399
612
1116
928
510
2542
2024
1811
546
318
1310
1495
2983
1455
2014
2247
2436
1891
420
1768
2675
1024
1593
165
1604
2085
217
1626
731
157
991
2840
358
2289
521
2859
729
1825
2694
2058
976
2222
579
1744
2715
1613
557
245
799
2307
379
2537
329
74
1826
734
314
2752
2766
1993
2316
2245
2732
1642
1692
711
1194
1715
714
1520
333
1241
1561
2815
601
1191
89
581
1840
2383
2026
1580
2589
2219
2137
2004
316
2392
787
329
2995
2935
1370
1649
166
466
2552
1985
962
1856
1679
1788
846
2103
1507
1157
2765
1465
1013
297
218
2275
152
1054
532
1567
2990
969
664
2974
1284
1646
2838
810
893
615
1021
487
1903
67
1202
636
2293
1909
274
2902
2543
2891
428
1785
195
184
1922
2658
649
191
2930
2197
621
553
149
126
2499
2748
566
1338
1714
2178
1786
556
2013
1006
881
737
1171
2938
380
1532
2946
2631
800
1182
1844
1506
119
921
2485
267
2744
2370
1641
2208
1607
422
2239
1081
1982
2946
1783
627
1175
1718
1781
2080
1272
2537
341
1649
455
763
1899
1973
129
409
382
2246
1406
63
2786
785
1605
1371
2961
2410
1451
2770
2336
259
708
1408
2407
2652
354
490
1375
508
1826
1630
2584
2127
2781
629
1176
2392
2588
1301
909
2655
2196
807
1671
1893
1628
2984
1224
2452
497
2780
1229
1681
911
2568
1872
2677
1255
2866
2928
1619
1282
772
1102
1774
1692
428
1895
2496
1956
2368
1868
483
1212
693
224
1827
2645
2341
2108
271
191
1204
2669
490
2379
2731
72
1051
815
1352
1011
854
2477
2248
903
1931
1227
1742
2160
1546
47
535
2807
2483
2207
1109
274
2699
331
2801
1001
2163
700
1831
2200
1767
1065
1996
2178
519
986
1817
1678
2601
1232
2860
311
2086
2922
759
2477
859
409
315
1209
76
1078
2738
765
2497
1600
10
2814
2172
2820
1071
1808
1360
1758
1477
2997
2185
2111
1791
760
2536
232
1577
2364
2202
305
590
143
534
147
606
1290
381
343
920
1053
1343
2341
1955
234
5
2790
2731
164
146
1238
2835
1915
2302
730
200
787
2670
1166
2472
2576
2976
1305
349
2497
1634
465
2232
1446
1106
2725
1959
264
1452
2872
218
907
2589
122
1492
1150
2319
772
2403
764
300
1499
414
1269
1330
568
1907
2277
2526
1258
431
2145
653
995
1364
2052
1224
398
1736
213
1583
2536
2032
1633
1644
2366
2332
2713
341
61
1973
2038
1503
2072
1598
170
1566
990
1939
2939
350
353
2721
688
2145
1573
866
501
434
1520
330
613
305
2436
1578
798
2948
932
89
733
2323
654
569
910
749
489
981
311
2976
2367
1716
282
2791
2251
1256
1438
184
2578
2135
2664
266
1784
757
397
2321
2670
2987
2595
2608
89
2518
144
349
2721
1971
178
1639
2808
2383
89
2507
761
606
589
767
1059
580
2429
1891
10
407
2609
1371
2932
2119
575
296
337
483
1135
7
1987
1839
342
781
1460
796
125
1406
207
2516
2135
858
2935
2339
1703
1929
2360
841
2028
2658
1815
30
594
2835
1805
2970
988
351
349
2411
77
1982
2397
1663
1286
2137
1596
501
1963
1800
738
8
1439
2843
1243
1213
280
2651
349
2491
2874
1589
1319
800
1661
1133
827
2600
280
1081
2134
2781
1183
1642
2964
1624
1410
1472
537
2283
328
411
2787
2822
1921
2450
465
1149
2150
1574
1379
1936
316
1607
1538
2649
1444
1839
1940
2601
2358
591
2523
2709
1065
2231
2798
0
899
2586
1856
1382
917
993
2336
2563
407
788
1560
1432
2242
1972
1667
2287
1023
1893
2463
2562
2752
2369
2433
2953
800
621
701
1043
2272
1864
2973
901
2489
105
2103
996
2548
1034
351
2811
314
1215
190
913
1971
540
1864
559
1464
2734
2159
130
2983
584
2444
1928
418
2249
2994
2210
1754
1865
563
1667
2671
2795
1882
2501
166
961
1345
2612
2147
389
1657
2183
2788
2295
347
2169
1323
1022
2093
813
1964
1227
947
1274
2750
1838
2628
2659
2411
1609
1944
1402
2456
2249
977
244
741
656
1074
734
2678
481
338
1131
2835
1464
804
2300
2171
1118
605
34
1035
710
2640
1914
2254
1154
400
2929
2023
2403
2782
1025
2501
1077
1193
2662
699
799
1945
875
2148
1497
1708
419
1107
1056
2083
614
2409
154
1266
1614
1219
1272
2533
2436
2442
1393
1051
2376
761
1498
2664
1532
12
2930
419
214
2154
1208
2282
1754
317
2124
502
2507
686
2610
884
1498
2881
143
1791
1391
2439
1985
1807
1438
2729
1805
2994
1548
2874
859
2239
10
2042
87
1835
1750
1036
260
1156
1150
96
999
568
292
621
2758
803
2332
2769
663
2493
1739
1671
2739
2080
73
47
2775
2439
2303
856
1696
1812
2131
286
2658
2395
1156
530
2194
585
1665
1520
1153
271
205
481
1499
1542
636
1502
2293
416
322
1022
134
859
100
2745
2851
2687
2057
2834
1019
1443
988
1728
1045
2747
1120
2070
2936
1804
1331
2262
2625
1234
1935
113
868
390
30
2675
1794
563
1415
274
1038
2232
1254
170
1420
2162
1329
275
2028
1906
396
306
1643
895
2361
1380
589
1262
2340
489
938
631
2392
2459
1285
1244
2869
2846
349
2337
2817
1810
126
2743
1680
826
817
2786
1386
912
775
257
2621
2388
1711
1912
1860
167
2262
2235
1811
2528
379
1323
97
1666
1022
1068
418
321
145
2799
118
1861
321
2894
108
1897
137
2902
1820
500
2526
1437
317
2456
961
3000
2324
2053
1724
2132
510
2367
910
2282
802
2336
1978
2958
2848
1497
953
2789
2621
2217
1488
1426
2672
2647
242
2279
1592
2974
513
244
637
1805
2637
811
301
1716
203
1078
529
904
1741
2318
2274
2400
1410
377
1737
2657
136
2654
1233
864
2947
1773
186
301
1201
307
28
898
2088
2498
1385
2421
1026
2415
655
718
926
680
953
2088
610
20
241
554
2063
2309
2790
1423
2036
56
986
847
1806
1889
882
449
808
2823
2324
598
1398
592
2625
149
2673
2343
2343
1477
326
1036
770
580
2806
1628
1205
2672
38
2420
1264
1075
780
943
1053
852
2466
1611
2848
1033
2923
1897
2480
268
1688
1418
2522
2727
967
1652
35
291
2387
1000
1295
1012
1557
2099
115
658
781
370
1643
2536
2528
2505
2950
1201
402
2428
19
2513
2993
98
1853
904
2508
2083
2827
2349
880
920
1066
1232
96
2537
1256
74
2582
175
682
2919
1303
2067
307
1417
2048
2291
1470
2390
778
1449
2890
309
2251
375
998
2555
2220
2360
1517
424
1553
1154
645
2670
2098
654
428
710
1375
816
1060
2258
1894
502
740
2307
1952
569
1284
2055
2468
2232
224
2627
562
432
1416
2718
2138
2661
1924
2501
1936
542
2339
2636
2860
2590
1905
1110
2551
44
630
1187
2162
1718
253
2020
1206
17
1685
2198
1894
521
2426
11
610
170
112
2953
1314
1262
75
2139
1776
2021
1724
1548
179
433
1534
491
1551
727
2685
964
255
2866
667
20
1626
208
1693
2812
383
922
2654
1614
641
53
2678
899
2105
2622
2961
478
672
263
2296
888
2656
912
660
2616
2314
2336
1891
1548
483
727
37
2378
1558
2433
2557
2892
241
1618
2977
989
604
986
952
42
2275
1507
521
1177
1600
2341
1612
1552
1217
1163
848
824
64
1887
1906
495
1320
619
2364
193
1506
2380
2436
127
346
864
918
2883
1675
136
2960
982
2518
1934
283
2964
2184
809
1057
2957
2419
2645
205
2303
2650
1668
59
944
556
2326
2762
2870
2957
2614
1766
366
442
2960
1944
307
876
1578
1383
1303
625
547
2047
1509
1581
2648
87
2023
894
2773
2837
2068
2617
1201
662
1504
2375
2539
1922
2926
1018
1319
2652
2007
740
1203
2534
2325
872
1880
633
2981
830
1976
1403
2893
341
395
1372
146
291
2577
2257
1816
832
571
2638
383
74
529
2048
1974
2893
662
1757
2749
2844
2438
477
1362
1602
2284
2396
1658
185
1879
707
2697
1511
2855
1347
1012
113
2830
2746
2565
83
973
2150
1541
1299
120
2914
305
998
2529
232
1916
2599
155
13
557
2756
2881
2298
1867
1527
2603
208
1619
2455
1518
586
1084
171
2570
2026
1112
1592
1386
1209
496
281
917
2101
724
2277
2692
1912
1794
1862
2423
2144
1734
547
408
1692
526
1225
2471
1171
2445
651
2851
2922
1996
982
2818
2729
504
883
1047
31
887
335
2046
1881
2060
1634
2006
559
45
459
603
2840
1786
1463
1583
2206
1345
999
1718
498
2560
1311
1066
1643
119
590
0
1413
2214
1486
236
153
676
2890
631
1428
397
1475
140
377
2933
1596
1679
2930
1634
156
2988
2520
435
1475
195
1564
2751
826
2285
560
938
1185
2613
2640
79
80
1959
1710
2025
732
2529
695
81
2003
2475
1083
872
2584
2155
2791
2867
446
2138
406
2849
1527
2814
576
1045
2085
63
1834
157
1206
238
1409
888
170
819
1741
1872
2379
1955
370
1517
1005
2259
2480
455
117
2918
930
462
1287
990
2396
1557
1335
934
2184
2030
64
2881
2568
1169
1957
2730
1213
348
2752
1149
1066
1199
1965
296
2481
1133
2546
973
2940
1190
2930
2642
1913
2734
1320
791
169
20
1220
1842
2963
2805
1719
920
2480
2786
1939
2094
1017
2709
664
2315
1158
2796
821
1060
1275
939
41
1789
2605
318
1121
312
2880
1205
2027
2714
2774
2328
2489
1019
37
1257
2360
1431
1586
1325
227
1524
2950
2024
2927
1353
836
2350
1672
690
2785
1240
1830
1363
447
1880
1151
281
1719
1381
1173
1289
2028
310
1809
2544
2298
2504
2778
1904
1349
420
1194
797
1397
2196
799
1124
2382
1588
1569
1211
690
190
26
944
1672
1041
391
691
1283
2985
1780
2019
998
2146
1931
528
2875
896
566
2173
2606
2958
2401
2663
1944
2619
1937
1960
520
2159
2038
1222
1233
2529
2009
1079
2765
117
2444
83
139
1663
2304
899
1925
1787
2980
1467
877
2686
1497
2398
2230
1772
2982
220
1274
1166
836
1679
1342
666
1961
1909
165
1797
1533
2391
574
2592
2340
693
176
188
2951
509
1243
218
159
303
1935
1285
347
1932
124
2119
541
2706
2671
1091
2705
458
1740
1988
969
2251
2442
476
1611
1565
1121
1072
2529
1598
1716
2102
770
52
2359
2525
473
2338
1161
1869
2101
89
1378
2510
2649
2467
2883
79
797
2815
1007
1427
431
2833
318
1302
2687
2240
28
1163
1034
1625
634
1032
1746
2179
336
2678
1707
2949
2424
1204
111
2816
790
2088
862
2447
1488
2431
2008
149
2801
2902
1364
1911
931
996
1190
664
317
856
549
2165
1664
2927
1998
2300
143
1964
173
953
163
1515
2794
2196
163
1670
485
852
743
2023
403
2818
1625
665
2851
731
1910
2813
1317
215
2854
1760
1600
1735
387
2542
1756
1385
396
747
1685
2081
1309
1825
1880
2806
40
337
2790
1404
2224
357
2999
2760
569
2106
2345
528
2163
2759
924
2838
1069
2548
2464
2957
2061
85
547
2346
237
29
1423
1413
99
257
647
125
411
2811
1856
2044
1239
417
1979
2249
2267
1828
2041
302
2932
2774
1160
440
1300
1450
973
2905
1307
446
2830
2625
914
2835
2708
1053
1899
1547
2713
605
940
2912
980
2166
1810
1433
1766
465
2588
2304
2281
2439
2661
2542
103
1711
2170
1544
2577
803
390
711
1012
188
1260
2410
1790
2988
2737
369
973
1138
2885
66
2674
607
0
1883
913
564
2703
1092
384
2471
2690
48
1856
1995
1393
584
456
1121
413
2225
419
1702
164
970
881
1680
11
1380
2252
2572
1371
1561
2630
1357
2152
1433
858
1004
1056
1865
1547
2440
1610
2755
1018
477
2691
296
1981
793
902
44
1985
1193
172
2258
1840
856
624
643
829
900
813
2851
179
1617
2878
2734
1306
1613
789
1585
2257
2625
555
1765
140
994
2389
405
2056
2515
1805
2948
2044
1498
1240
1468
2837
1932
2327
1192
2236
2072
2987
705
83
1052
2955
2512
2616
588
2171
235
2801
1076
2193
2378
173
329
719
989
1201
2548
2747
1152
1088
2769
812
525
2535
77
327
1700
622
1272
434
2570
70
1798
443
328
2643
784
2571
1858
1553
924
609
26
1855
112
1894
2
387
824
2894
2246
2143
1403
2639
1345
2289
2028
207
2806
365
2228
539
2519
1185
1014
1660
2939
1800
295
930
827
2196
295
2236
490
2603
2698
1351
270
2588
2066
294
734
2127
266
2584
459
587
955
1679
2452
2930
964
2585
1456
351
937
2975
1997
1093
700
1140
1773
2153
1686
2692
731
771
1180
2836
1824
2871
2176
1803
2420
2090
1370
91
289
1744
695
438
485
1708
1433
2874
1841
2895
2244
2112
1414
317
2640
2449
426
2457
2846
911
390
562
1036
902
1577
2791
1100
634
1722
1977
1383
974
1139
1139
1920
2568
2536
961
1868
359
998
610
2597
2196
2538
324
1493
982
1119
1611
791
220
1847
2805
2243
40
2109
33
155
2277
2447
1369
273
1631
1034
952
0
1252
2561
737
2255
368
1039
2013
92
1358
2262
641
544
1326
1153
1508
63
224
269
1363
814
1786
2631
731
1284
1201
2278
1425
2951
263
2165
2364
1924
2522
1072
554
2605
226
2310
348
257
2355
1551
2379
1407
1829
409
1942
2577
2057
2109
312
250
2259
653
929
2501
1542
2014
1151
1802
132
787
2840
2081
1743
1502
388
2102
1918
2941
1377
1869
2875
2879
2122
198
452
356
2163
1158
1491
2043
168
1540
1915
1136
2645
1118
2339
799
344
2763
0
1152
2588
2011
850
1643
1686
2255
1675
94
2604
1762
2364
830
456
391
1445
2297
1249
184
1841
2499
2148
1171
1414
2917
2021
1406
1300
2792
2319
265
2598
1694
1723
376
1786
1550
1699
1377
957
1440
2559
1463
175
2614
2042
1673
2272
62
1141
1207
219
1383
1784
2675
2045
2657
1423
461
2715
11
1756
1679
1189
510
2996
1501
1566
1267
2178
1339
2831
2852
1595
2822
1186
2973
2499
893
2208
1381
512
2754
1046
70
2043
1776
2876
2105
1438
2392
834
196
157
1422
608
2953
335
2021
1879
2869
2333
2750
2001
656
2645
130
584
2376
1387
43
2447
1368
2071
1261
1262
1086
2147
2253
2287
397
1027
1852
1211
2930
1994
1472
807
1881
1292
2638
1295
741
2347
2511
287
2312
2780
1964
2354
2123
1915
1830
443
1620
1562
416
610
1297
1209
1711
612
589
31
1400
2292
623
660
1682
2087
469
1208
893
2098
1308
66
2913
882
805
2076
1510
2108
1898
1505
631
685
1784
2729
2335
2129
2984
2543
1675
147
2998
1028
467
804
1123
413
2238
1276
846
1037
1658
2175
1546
1883
2833
2386
2528
2322
2773
1822
355
2696
1816
2031
658
1278
1207
1420
1084
2168
2505
2982
2475
1284
592
785
870
681
2797
988
2504
1341
942
1872
192
2569
2900
2936
1457
1786
2494
1606
907
2861
2025
431
2741
2199
1253
1564
2927
2502
1035
2701
2777
2882
618
117
1575
587
1273
1069
1812
2565
1679
1623
1369
1921
2127
1084
2987
91
1927
190
1650
743
1409
1511
1014
1939
756
2561
2208
211
619
1754
415
1026
834
2910
373
2260
2905
2211
295
907
1916
2979
1748
1110
1245
1305
763
2642
1311
922
1536
1140
2613
163
781
1013
911
570
1335
143
1892
2502
395
2007
1452
2669
2468
1895
950
616
2783
1331
2092
2176
415
287
549
1553
1371
2611
811
2506
570
1046
1974
963
653
2411
2433
1009
1263
1798
96
563
1757
440
645
1661
103
2666
1589
2427
408
2837
1299
723
516
1772
1153
2785
1885
1726
130
1484
677
1370
1026
265
854
1533
253
2536
1468
1823
1400
2724
1275
1510
1970
2697
1206
1771
2421
350
1391
1934
236
668
436
1893
119
1764
1855
1432
2393
2813
827
914
2271
2755
1669
2661
347
121
28
96
2981
1023
1674
1059
1585
959
2558
2404
127
1187
693
630
832
1032
1280
2509
2643
1025
2436
2672
1681
2053
412
832
1151
209
470
1037
1695
2699
2209
2181
1831
1981
1326
2369
2348
727
1554
2762
2493
2496
1334
2995
88
1045
2769
489
2083
2018
2068
1200
492
818
