399
106
552
222
251
935
832
77
945
534
835
505
124
257
595
221
397
570
702
106
742
412
77
274
681
987
468
921
166
120
46
758
546
565
916
771
728
121
375
439
659
218
909
418
611
604
313
732
651
238
489
824
154
413
499
575
584
96
150
296
501
84
569
410
653
27
503
58
765
518
371
184
101
796
183
841
89
517
26
564
380
274
429
233
469
397
331
338
155
311
250
42
567
949
673
218
197
668
852
867
656
697
644
891
266
781
615
523
316
754
34
756
399
312
37
964
150
296
979
778
813
417
818
637
791
230
926
347
805
643
315
687
734
531
140
52
592
270
777
907
779
17
289
731
560
734
316
275
733
141
26
744
108
412
3
518
597
765
865
737
299
131
69
738
822
45
896
880
168
383
330
595
673
571
206
82
11
656
917
706
660
13
497
660
467
883
104
292
920
864
926
409
507
678
271
458
277
245
564
894
501
619
340
372
874
550
686
865
769
541
930
14
316
848
583
580
627
838
856
661
857
874
144
160
324
239
231
431
330
846
386
280
624
512
735
577
191
945
717
401
782
386
105
434
792
391
142
292
753
740
393
781
56
278
222
739
594
906
363
420
668
931
221
351
444
266
742
660
816
553
969
267
817
10
151
782
958
907
88
175
994
388
183
148
970
779
139
470
78
462
422
885
810
789
607
921
42
411
232
713
7
520
953
814
83
365
309
278
168
449
978
704
426
958
274
548
373
538
630
812
742
636
475
485
884
456
518
801
446
377
420
240
59
623
742
803
887
550
983
911
802
572
429
697
496
823
321
547
516
341
660
660
827
189
958
183
635
380
145
599
336
720
269
276
376
871
947
467
801
170
366
788
416
375
412
209
614
585
864
818
339
501
222
738
926
257
216
604
647
356
744
432
36
344
771
878
972
585
18
474
593
327
962
453
957
934
80
994
453
68
809
166
304
494
637
892
813
243
175
947
856
115
589
646
14
627
805
403
363
94
335
491
113
88
612
100
381
240
756
608
131
693
909
602
255
396
580
261
914
94
357
117
333
984
768
973
527
379
194
445
73
546
713
405
706
918
738
738
877
118
221
466
149
469
101
252
132
426
255
98
594
191
36
687
505
18
801
123
665
795
795
73
125
724
967
11
508
827
400
844
23
462
293
469
235
432
855
612
995
190
183
952
381
28
8
791
503
384
606
987
929
854
11
565
50
532
335
33
108
661
210
439
205
585
150
78
370
997
164
966
19
992
581
9
38
412
237
959
364
427
31
29
22
731
92
184
125
606
925
368
471
611
338
803
434
587
204
538
528
840
181
467
828
495
981
239
589
938
371
562
411
962
461
948
260
778
601
599
728
19
521
652
302
425
493
437
99
160
978
711
721
286
490
125
817
532
970
958
795
718
311
670
484
476
176
539
635
340
41
156
884
183
364
301
789
848
13
942
185
810
974
54
890
62
830
242
485
193
170
864
21
953
178
454
114
487
220
293
145
176
650
249
822
854
994
786
462
440
921
810
857
382
182
324
130
949
864
107
378
765
622
98
465
39
179
809
907
761
966
405
874
112
356
944
707
182
973
160
238
370
896
858
872
475
905
347
704
504
476
531
517
787
946
763
502
237
232
85
794
592
698
882
661
610
360
880
416
681
326
987
873
707
334
843
759
773
316
888
916
252
902
377
669
553
492
206
243
654
830
723
24
971
500
754
203
252
315
750
577
826
216
20
807
234
77
340
831
509
599
825
297
9
858
328
243
810
149
899
730
889
612
906
607
786
695
122
674
129
410
493
290
285
932
253
11
760
185
699
996
363
399
160
678
576
110
573
378
619
355
395
165
248
459
482
531
910
83
104
723
986
666
125
656
90
85
244
556
560
719
213
717
382
280
832
93
900
443
370
26
812
683
602
355
583
958
282
412
979
405
192
249
161
192
153
139
529
304
612
727
543
384
308
499
383
138
899
578
906
474
217
924
992
987
647
400
544
332
787
570
737
937
161
891
438
979
331
902
29
416
247
68
683
721
972
998
630
635
628
649
494
649
799
144
474
536
651
362
780
187
948
834
706
135
112
191
742
808
869
904
674
848
57
98
457
75
346
867
381
264
409
47
574
929
961
782
644
783
814
578
821
671
55
526
55
509
182
843
531
557
789
671
621
141
346
685
54
218
779
996
500
299
999
111
501
717
844
86
422
755
460
923
952
784
785
896
666
414
793
737
864
366
732
197
228
275
694
139
248
876
421
675
943
62
90
450
743
842
945
473
316
801
411
549
904
696
917
209
160
676
247
