280
296
192
211
288
302
305
297
245
108
239
383
26
24
345
41
155
113
177
217
238
143
395
395
31
272
370
177
47
38
261
54
327
389
133
386
214
341
110
293
255
90
154
318
204
51
80
369
181
5
180
258
291
245
399
21
86
340
345
174
381
329
69
124
166
212
50
391
209
25
270
317
375
307
69
50
10
232
19
310
122
7
309
358
386
80
163
117
270
376
123
175
63
282
86
49
123
17
322
253
89
12
128
386
373
89
24
29
265
66
43
251
220
257
79
209
219
219
209
10
331
33
249
206
377
378
140
363
222
323
196
276
115
256
258
168
27
95
144
91
390
348
311
13
32
45
161
49
345
65
333
137
83
221
70
216
116
137
283
156
16
103
387
33
178
133
81
82
234
341
312
285
371
303
151
115
258
142
366
226
386
362
256
27
344
333
256
100
350
237
221
186
309
295
77
286
148
242
63
399
22
124
367
210
376
231
86
44
310
396
150
348
8
247
183
98
55
167
377
163
6
145
185
149
39
269
111
386
244
390
88
311
387
252
146
155
341
232
87
207
328
154
267
42
359
160
259
52
75
380
28
293
290
344
87
75
270
212
122
197
204
326
211
41
271
288
254
200
246
134
5
97
138
196
254
25
243
380
275
109
218
160
62
48
269
312
192
219
74
111
378
12
158
356
186
335
118
182
5
206
177
251
312
108
179
21
160
151
227
243
60
120
299
113
185
274
388
250
386
15
391
116
140
349
181
147
257
232
8
123
373
226
258
30
278
390
46
383
56
96
57
335
304
268
262
132
61
343
310
237
98
375
17
37
354
60
378
219
234
215
163
307
63
206
19
197
399
169
12
66
34
21
367
287
203
26
39
235
181
154
142
370
90
342
208
211
257
78
13
289
120
18
18
360
291
25
195
112
274
386
