797
325
558
1052
820
735
547
1106
1063
633
292
603
1180
430
719
1144
303
263
53
81
369
696
580
874
71
9
1169
1147
579
378
975
1109
906
115
409
632
1189
910
681
1064
212
314
77
450
9
843
779
54
198
615
462
698
226
140
1068
993
402
389
546
1186
836
1195
1092
226
1024
721
634
1055
180
163
684
888
240
691
381
915
499
157
932
116
620
1161
290
741
841
534
119
649
1085
23
747
1180
676
167
4
999
328
225
1095
513
197
48
134
25
346
585
665
1066
773
1059
1150
263
565
33
555
176
1193
1059
568
177
625
369
389
239
680
1085
396
176
775
245
1104
612
568
1121
683
11
343
485
925
358
311
120
337
504
1129
28
878
142
13
961
409
152
1039
288
349
346
573
1028
956
558
1020
407
64
1113
1132
944
526
662
94
358
183
119
161
460
1166
332
460
48
1022
1088
103
964
1102
1177
337
130
846
157
956
1015
1071
476
978
902
870
380
284
702
918
198
503
1007
113
990
64
96
66
98
229
822
265
32
869
672
1195
804
50
616
73
1030
1013
172
28
148
188
399
952
152
825
390
125
256
1107
23
553
186
435
903
718
860
202
1097
320
624
855
162
375
628
46
997
196
808
116
63
370
18
935
180
233
776
619
304
666
1025
275
492
1052
812
826
1067
62
237
671
983
648
1134
528
307
1166
401
750
295
901
317
652
142
818
886
30
968
412
967
81
796
856
501
211
388
205
973
238
93
850
1058
609
291
310
836
491
530
1186
965
565
1172
713
769
157
289
599
1174
826
309
776
271
137
126
244
494
204
533
639
974
996
40
75
36
1170
28
1047
538
599
86
450
301
314
1164
951
176
241
277
479
714
1160
785
248
27
595
703
1184
372
388
886
728
161
146
1067
653
1151
968
286
371
538
1172
102
201
124
54
926
464
1135
342
165
888
313
599
131
75
847
354
505
814
1023
876
315
108
579
632
130
1039
752
293
125
180
464
277
457
904
1149
420
577
662
764
1057
117
211
193
161
724
364
865
215
512
110
494
668
110
135
835
276
434
137
254
1051
1190
271
369
294
249
25
210
836
1167
59
999
960
1141
885
618
77
991
288
744
774
630
9
1175
396
1039
12
1173
1073
563
98
73
1165
476
853
1091
664
545
1011
897
145
660
576
871
1111
375
1096
1175
1077
857
438
226
891
809
432
90
1073
192
196
1079
347
358
8
165
845
736
50
460
729
548
1188
605
155
774
400
150
751
266
253
457
1103
1169
1193
567
282
1068
45
603
200
515
614
429
730
145
564
164
132
373
20
1168
561
284
861
480
326
890
941
72
888
1153
202
412
282
683
676
25
811
1182
1028
278
469
398
168
75
869
896
1080
413
242
1106
983
589
841
779
56
48
972
701
185
1
103
984
106
999
1137
216
657
492
79
1175
357
200
594
998
1180
718
1091
473
669
637
1046
259
4
1180
1052
939
449
580
439
1100
317
373
333
591
653
175
965
1132
505
660
986
721
492
367
723
1050
519
402
1062
747
739
1068
161
682
618
1071
1156
20
844
441
475
19
797
1155
536
400
141
75
821
695
9
676
646
226
943
167
883
718
746
253
347
300
359
410
163
738
1061
1032
964
948
1102
647
790
163
977
453
1186
841
594
155
1122
967
46
494
500
1177
303
617
23
1034
901
417
292
857
199
428
432
807
620
1135
1030
28
49
921
366
1102
937
806
970
351
1179
605
258
397
837
515
975
417
134
268
733
683
312
444
1102
643
707
852
152
971
294
842
122
1024
1081
217
1114
284
462
1081
773
179
876
1023
1107
779
151
747
782
517
1
421
959
983
347
404
879
1181
134
516
875
895
895
351
1017
522
490
483
293
450
1010
502
375
369
674
408
935
511
651
1129
630
1131
915
477
981
352
724
165
620
494
901
1010
1076
845
1080
348
650
107
973
218
262
135
979
3
254
1005
553
902
74
435
316
364
723
514
211
694
435
1041
1161
309
372
938
104
534
813
597
518
501
404
966
239
216
784
750
133
745
672
997
541
803
389
451
307
1060
891
81
416
1126
966
829
1092
107
758
74
56
608
552
768
244
438
934
1066
25
580
1070
710
938
241
1148
231
1145
1058
533
310
87
439
618
417
303
740
324
1138
210
385
527
465
401
237
976
114
1077
482
105
623
507
550
409
886
724
143
44
190
31
779
582
916
302
279
589
220
340
557
1079
766
548
378
1105
688
1134
723
1007
982
284
514
638
484
854
1023
1039
1152
155
584
341
531
100
96
878
77
627
1166
713
609
118
555
220
539
725
726
199
679
861
685
36
286
505
76
47
911
515
622
500
983
958
449
191
703
627
86
16
360
707
729
479
481
183
165
1069
469
511
1043
81
926
154
1115
1134
917
855
131
290
558
345
489
141
1170
881
7
202
53
1112
1187
50
26
1054
940
558
728
508
686
790
1161
1128
230
1074
1104
1081
1136
570
536
436
1084
1069
145
637
87
969
495
445
841
115
1158
807
1142
433
723
984
957
434
1079
496
786
956
483
1069
733
885
1037
10
662
1094
1043
546
858
593
790
1098
45
240
193
626
322
604
1067
375
158
94
453
34
561
1099
342
609
155
1165
1134
410
1051
1125
756
417
552
501
43
976
54
417
507
916
87
20
447
1122
530
916
888
408
467
890
970
853
365
445
785
277
446
638
96
154
1134
833
926
641
1169
1154
429
225
480
232
1044
643
294
749
73
84
131
152
658
677
436
822
76
806
754
277
1171
662
236
426
420
304
18
163
716
295
835
718
1172
1108
411
297
1054
268
852
1129
35
1031
804
515
530
902
30
465
240
253
460
1188
682
970
152
171
1104
510
1089
983
607
211
722
32
1129
750
980
1015
37
904
225
647
367
903
1162
976
755
895
804
280
921
612
95
154
113
66
989
455
970
419
603
234
665
700
60
