4246
57
555
3606
2744
3446
3615
4528
3146
4355
654
1236
4443
1101
744
2063
1425
2829
41
4697
2697
364
4975
3498
4984
4447
4488
1061
24
234
3994
828
4225
1882
3069
1665
677
4605
1203
10
600
575
1153
984
548
772
4634
2191
2615
3198
4069
3312
1501
3609
390
2881
880
3935
1647
30
2135
978
1433
3707
2360
1163
4388
106
3361
4353
4716
247
3977
3625
3343
3167
4182
2260
4664
317
4012
1149
2572
1090
2049
3578
1410
1499
569
973
939
1530
1313
2866
2579
4517
1546
2750
2319
2041
2053
581
3522
1670
2110
3028
2072
3016
31
2697
512
2485
4469
2685
180
3828
491
4237
2919
788
1607
329
2320
2079
285
1417
4817
2441
1733
3867
3714
4323
4196
1035
4311
2516
1666
4931
409
934
1569
4312
1878
1567
4976
1618
495
3118
201
3581
628
3843
4651
4750
1777
2544
2557
1800
177
4621
4288
877
339
1667
4251
2752
2823
3440
1421
2694
1447
3365
1695
345
3779
4971
2848
834
2618
4382
872
951
4349
3856
3403
2625
4609
405
5000
555
3317
1520
938
3986
3123
158
2450
2401
3103
1173
432
4638
3637
2866
0
1245
3735
1956
181
4503
2812
2171
2449
3618
2040
1581
217
3642
4173
1665
4279
1668
3133
755
2354
846
118
2306
4951
3369
1751
3527
994
754
2808
2424
4562
4414
4321
2746
68
3074
1270
4978
2325
3549
2240
3157
805
1711
1647
3235
3387
4019
4518
3172
978
4025
2173
80
3172
4134
3977
2480
1344
4673
2326
3735
3640
1547
4596
1733
1225
4189
2343
4464
1517
4965
2781
3430
3465
2388
3511
166
366
4481
2596
1754
866
2402
291
252
826
3840
4236
1238
825
322
2763
1623
1516
4486
448
1198
1068
4645
2457
3593
2668
4124
1553
1431
669
3209
1381
3399
194
593
3033
1763
4698
478
490
1677
3733
366
3456
665
51
275
3552
3092
2845
4978
2538
894
1496
3451
2739
4789
1593
561
2673
56
2675
2143
3126
4729
515
560
3452
2918
1226
1663
487
1992
1088
448
3658
1343
396
2860
2904
4595
3835
4842
788
3561
4695
2121
720
1821
174
2781
4119
965
2397
4728
856
4599
213
392
4549
2484
1550
1682
834
1597
773
3203
888
1036
3422
1193
2817
2103
539
558
8
23
1355
1078
1188
3618
819
826
2657
4740
4642
1242
1780
3034
1242
4022
596
346
4570
4426
2542
3745
2882
1752
2590
3320
2454
4591
3160
3248
1577
4450
33
1882
4453
1495
1510
4804
3186
2796
4284
1279
2880
3450
2104
1160
627
1387
4942
4532
4555
1770
4798
2202
3121
151
1828
3094
3740
1957
4980
3955
4204
1818
967
1156
2021
469
3814
1207
2227
2773
2244
3317
275
4974
1110
946
2736
4855
3599
2425
2278
2578
4281
376
481
276
3584
3689
3018
783
4512
413
4688
4071
1645
4329
1073
4124
214
2006
2250
2992
961
4032
4711
2836
1945
324
3377
725
28
524
2787
4213
3912
551
4366
1809
4050
747
3272
2074
3125
82
4428
2088
2398
548
877
1136
97
2598
3201
1476
1145
1858
892
2468
3955
1021
1288
4146
3301
3714
1732
3479
2386
100
1054
239
678
389
2760
2604
1870
4666
1694
2049
4530
2909
2601
3949
2307
368
4164
972
1757
2008
632
828
2678
848
1510
4779
2194
3705
271
4366
1796
4374
1061
2903
2193
1774
1637
2888
4081
175
3514
844
2473
2407
730
1887
2704
1048
13
3367
4302
4225
4639
1725
610
3770
530
4793
4076
739
3092
1922
2116
3288
3480
197
3842
3010
394
4606
1017
651
2509
1161
1517
2135
2659
2648
4916
1294
2341
1308
4256
444
3890
2218
1013
4444
3576
235
4441
2494
3054
278
495
560
395
3148
4491
1166
4038
1035
960
941
691
502
2442
3661
2515
3807
613
4069
1140
3974
4676
3885
304
4524
145
1406
4962
2171
2664
274
224
4370
2271
1739
3134
4319
4621
1668
4771
2587
1684
603
1361
1938
1602
4867
177
1936
1428
3209
863
1293
2140
1506
203
1392
1332
4883
866
3067
4642
1782
3417
4867
2901
2168
616
3394
4975
2827
4099
1797
2523
4588
78
4005
1927
3337
1908
292
4183
2491
4081
4283
4528
3854
4861
3998
631
581
1444
3975
4724
1730
3481
4236
1195
2275
416
3180
1602
4901
2563
1638
1257
1869
3192
4320
2776
3591
240
3417
4498
2189
2857
4620
4840
3445
2236
4479
1968
2832
3903
1928
2601
3581
4793
3531
1155
793
2997
2054
1390
3986
808
3426
4399
5000
3456
2113
3551
3975
2885
4023
4739
2894
3660
2517
3905
3825
4722
144
1398
3517
4802
3912
2999
387
115
3323
1061
1459
4013
3848
3745
4469
12
207
4231
1855
4137
3374
1893
3189
475
692
361
3753
389
501
3802
1546
2195
4361
3129
3653
3049
4572
1284
749
1746
647
2944
3740
4896
2976
3559
3974
3298
307
4584
1810
4974
2245
680
3092
1454
1301
1973
2681
3986
2429
4310
3434
3033
3024
2379
2868
4790
4290
3972
3451
1435
765
4111
3238
4760
2659
2931
1809
25
3981
2906
4036
1427
2582
311
769
902
1548
3663
1574
2630
703
422
2137
1852
3881
778
4785
4727
904
3515
3439
1053
2974
4150
4594
867
1717
3588
1661
1508
1546
826
2940
4810
2712
3503
4257
3489
792
1404
609
3972
1522
40
4943
2750
2905
668
2973
1451
1944
4580
1123
215
2212
3290
1985
489
3984
4739
1177
333
1948
339
1787
576
4227
4487
1752
455
4317
4852
2372
4194
2843
4906
1040
1305
1323
4673
4035
3591
3265
850
4395
3681
1962
1252
4745
2687
4413
4597
1425
1191
3570
2905
707
1304
4532
1716
3122
1288
1482
4323
4633
2253
4826
4957
4699
493
4948
705
1314
4634
2259
1590
3467
2002
952
3491
2946
3005
4174
3094
3559
1642
444
412
4818
12
2236
2923
3484
3608
2858
3172
4933
2541
40
4835
2188
1905
1011
1866
3681
2562
2252
3929
1909
3518
1549
3916
2276
136
2832
2610
640
321
2421
1565
4107
1158
4908
513
4681
1312
2019
2784
1922
2942
2947
1722
1057
639
2249
2661
2112
1932
175
1182
2516
4875
3097
1891
949
1359
27
1506
4879
692
4665
4391
4249
4118
3751
2992
1309
215
3953
1564
211
297
2167
1102
3622
2215
172
470
2219
4677
1790
4009
4590
1413
2188
2980
4257
1417
3898
1109
4554
2666
2573
3571
4527
1690
1110
2629
452
3378
4786
3883
1661
4920
2306
2515
443
2082
872
4810
1287
2374
1395
2572
2201
4855
1590
3529
4579
3429
1096
1731
4975
4168
4691
2834
3569
804
220
2596
1870
29
792
2244
1518
1899
1117
1036
3779
1224
1983
697
1808
4706
2325
4419
171
4901
4311
2374
1210
843
2975
3182
390
4164
1767
3209
1631
4358
1516
4922
1173
3105
1811
4667
4868
1939
303
3981
1823
2353
3783
2915
712
4717
823
3011
2641
3868
3980
2685
1932
3266
1342
4956
4179
1983
3057
3614
3679
1110
1236
1477
1614
4738
886
598
4818
1673
1956
674
1366
3520
2493
1809
2776
4185
44
4799
966
3060
657
3858
4593
3762
593
4862
3907
3229
2667
2087
985
3492
4003
2043
4432
2969
3113
565
3242
4636
138
3330
4023
4663
3676
2569
3042
722
2560
2817
3325
4917
3207
1054
4105
1103
3116
1194
715
4651
527
113
2039
2506
180
4426
2432
2168
1290
3488
3222
3960
531
362
1781
4606
4112
1790
1421
2599
2703
3012
2370
571
1048
3804
3469
4176
3622
156
3502
781
4195
3896
3647
1831
3103
806
4891
2019
814
164
455
1358
2140
4935
637
794
805
1705
2299
1586
4956
2511
4622
3123
1879
4609
143
1617
3935
2419
3259
512
2319
4652
1359
301
1293
1360
4845
1490
1867
1035
277
2680
4738
1851
3323
4922
529
1078
354
1494
2095
4597
3215
1709
2075
1837
4849
4091
1640
2269
4788
618
3735
1563
2990
4076
752
4103
2157
3110
1977
1190
2665
4418
2910
1687
3437
3463
959
222
17
1048
3885
1016
3450
4712
2354
455
3696
200
4264
4572
4407
4468
3198
3182
2009
914
104
799
3788
1481
205
510
2953
1458
579
2134
907
3618
3322
2504
3795
2084
4745
3528
1507
2895
2722
4864
181
2783
562
4245
3822
1804
3046
3243
1650
1179
573
2479
1907
4983
1850
308
4234
3171
823
554
3144
412
4154
379
4358
1106
2372
4779
48
224
377
2167
2370
417
4239
3256
1106
4830
954
1513
756
1420
3767
4856
2712
2875
21
4453
3023
2164
4720
3186
539
3910
1751
193
718
3505
4562
1378
1580
320
533
4054
1654
3894
1025
717
1295
2266
3482
178
3863
2544
4101
613
2844
925
2140
3987
2061
1595
4330
4706
1176
4918
3859
4818
3947
700
4393
3594
2787
4104
1510
4928
2731
2572
2877
4110
3759
4334
3329
4900
3379
4497
3204
257
3825
3193
2627
1020
1375
2172
2774
4108
1419
2278
4283
1697
3280
3434
529
2639
379
2312
1199
3878
1994
2743
2076
4128
955
337
2538
2133
3061
274
3666
2949
2027
4983
2213
664
4981
1866
3589
526
3816
2164
3496
1688
1892
4373
3653
4982
2729
897
1174
2106
3247
4010
4872
4722
151
766
4549
3686
4609
4922
3885
1125
3138
2637
3778
4286
3850
3609
4416
4925
228
3678
1436
1857
1997
4652
2277
1259
2309
425
3921
3762
1424
291
4595
4350
2479
1312
3600
964
2650
464
1368
1257
2764
594
4873
3257
3021
277
2718
3228
1509
2640
4139
1582
2084
3575
1977
399
4453
3589
2798
4218
1924
3240
4342
1501
2684
3187
4248
338
2044
2437
4378
2113
592
673
2675
3184
1408
2321
4446
1894
4559
3093
4335
2939
2844
542
3053
4360
2399
3221
4314
4195
4174
1313
1912
2393
4366
316
4199
3783
2469
2662
3105
818
1350
2151
173
1
4664
4858
2727
1287
4134
4984
3932
664
3210
3785
4074
3540
1085
2588
1391
3309
2461
3942
1711
3020
506
1202
4294
2453
3942
4993
1188
2851
1730
4277
2939
4554
2614
968
4133
2655
2825
1021
2832
4967
1650
201
4831
3928
2315
248
446
2198
585
949
3503
1945
232
4321
683
1408
4400
2161
2228
1325
2684
4812
281
2115
4699
450
2372
4941
1300
1928
4672
4552
4241
4626
972
989
2058
3398
4464
132
1004
2423
926
3918
4694
1514
4821
2836
1264
3411
193
2898
2988
213
2670
598
3948
3733
4289
1372
541
941
2840
2213
4593
4427
3404
2537
2059
4415
2974
3003
4947
4957
2935
2802
2678
2249
1349
1333
1543
560
3444
3938
2017
4254
3768
784
4763
3028
3197
2723
802
240
3441
4422
405
4218
4831
558
1995
4349
3798
4164
2238
558
4608
2887
2020
1455
160
4087
4310
2649
3409
2557
2665
2910
2536
1649
1044
3709
1067
1210
1913
1839
489
3928
3996
3717
1810
1682
4220
32
4699
3367
2702
697
590
801
4429
2653
2486
3355
2505
1991
3514
4616
493
1185
1302
1352
4494
3341
694
4400
2132
2815
622
4676
1755
3751
4298
576
3612
3575
2303
2836
3632
3375
3627
4251
4302
75
4437
2385
410
3616
2476
846
2809
225
4837
2792
3797
3278
3477
2617
1494
257
1413
1688
3195
447
4218
607
1612
2005
2223
770
287
3526
4178
4738
2529
4705
23
450
3638
1929
2449
4496
1265
4381
4634
1515
1354
3985
3518
3333
2686
4272
4239
974
624
4885
483
506
3588
3331
4663
837
4905
1372
2685
1186
4067
904
4750
1660
4100
4478
2227
4604
0
2177
2933
1243
2802
1395
4331
2986
2685
4856
105
2674
1013
2310
136
394
4098
4244
3636
4464
4573
2340
730
3790
3326
2892
3297
4973
624
3176
1275
2220
2129
3388
814
3640
1930
2688
4701
837
2691
2705
2619
1800
3759
1594
2446
3440
151
538
3428
2974
90
1762
2288
2485
4072
1593
4105
4719
2057
1427
4475
1197
965
4712
476
4304
4598
2940
2034
319
2449
3146
4487
2359
1084
1904
1606
2404
3087
1071
3135
2733
2954
1435
4304
2606
4124
42
1454
1890
2577
1674
4048
4660
994
4980
3007
4861
4599
4182
1944
2475
671
1610
2417
4887
2886
1293
2512
460
2154
2956
2572
2826
1371
1293
4970
3627
78
1697
2106
3813
2042
873
2277
2757
698
884
245
2795
4098
4099
3314
4586
1806
763
3391
2929
4818
3545
809
2183
2686
3077
1206
2389
154
792
75
4054
2849
4330
1360
2833
341
2701
3449
2152
1859
2980
2817
4913
54
4078
2858
4064
2368
4135
2960
3742
3096
1973
4642
1179
3099
1389
1060
1174
4456
3903
2397
4603
4712
3845
1760
3674
1808
745
4804
4234
3930
545
2777
764
1521
4968
3863
60
2328
3227
1284
1925
461
243
1494
2906
3636
2352
527
3213
2888
4533
453
3450
1778
581
2771
2884
638
1005
1756
3585
4423
75
1566
4270
4406
347
41
1944
2962
3225
4683
2354
4853
123
3959
4837
2182
682
2420
366
2925
2698
883
2283
2087
286
1651
2191
903
1110
2866
4718
3148
4181
136
3228
2961
2279
2734
1876
3024
2092
4901
509
3821
2700
2647
789
564
3799
2668
4610
4016
4010
2414
4534
3413
2526
1206
2021
3260
3131
3187
754
689
3577
4257
1452
4778
3538
3523
681
2924
4383
1825
4941
2721
3174
4472
727
4742
2991
3751
619
2099
2242
2286
3734
2857
4258
967
2326
1446
2227
3197
2188
272
653
4226
3420
344
3557
4210
3360
2557
4737
3075
4008
1754
2436
1979
2997
2395
3841
4478
4132
3503
3207
2571
3632
4015
2229
3263
4655
3028
4697
3210
182
1272
3956
1687
307
2102
3966
500
3233
4435
4084
547
1490
873
1654
4704
3490
4175
451
4330
2332
346
4439
3724
51
2546
2724
1394
2646
632
4564
5
4804
479
796
2922
4313
4078
2334
1903
1678
3160
461
1771
4841
3057
1657
1664
4650
3561
3115
4277
4742
2437
4492
741
421
4559
1973
747
4129
1992
514
4983
3162
1778
2943
3189
539
2047
1595
311
2660
2726
1530
351
3916
2597
2421
4304
460
1392
4143
3372
1274
3807
3599
3045
3166
2655
1889
4616
1632
343
255
1947
4611
4072
4122
4235
4274
1581
252
1023
2867
3631
2998
483
343
1482
2938
2711
4677
4887
229
688
548
567
3198
3210
1996
2255
4133
900
3172
3608
2527
57
3732
2355
2426
3058
3781
4165
1858
1616
398
4132
4857
229
2756
631
1614
1607
4900
1540
1437
1387
4535
4289
1556
1183
2323
1130
4538
3591
4184
4015
246
677
2290
4648
4137
3852
3913
211
4023
2248
3867
747
1249
3831
3199
4088
869
2222
3006
2603
3845
147
3110
920
2184
3502
2608
528
1174
2754
205
2346
1974
4602
2793
3917
2438
4760
189
4871
4717
2687
4100
4143
3430
3740
1371
1812
3360
4146
4616
4327
3143
336
1129
866
2307
4318
4868
290
3065
1009
3472
2840
3322
2091
3302
4625
628
3163
2941
2341
3082
3623
2902
2258
4369
1421
3526
4393
2020
1827
1438
4332
2493
3337
269
2144
3870
1347
982
996
4778
3067
1361
4306
397
331
4993
464
597
591
3859
4960
4153
1383
1247
2494
3870
4222
3097
1982
715
2682
2501
4988
1263
3944
1028
1080
831
1555
3071
3193
4068
523
162
2309
2967
2509
4679
2021
793
2166
2328
2512
4745
4321
996
3456
1178
3035
2021
3547
4956
3936
1656
2867
4680
1334
647
1567
3712
4384
2040
1970
649
3611
972
2391
1199
421
887
1721
1661
1635
1692
1850
3297
2201
2242
4382
3511
4587
2952
357
4105
4204
688
705
3629
3172
380
1566
800
2830
4799
1252
2826
3123
1918
1987
3341
3814
3980
4985
418
217
1465
611
3114
635
2248
2082
1273
2085
4338
3619
3182
4469
2500
3310
1687
411
4281
3716
438
1009
105
4402
2137
491
1502
3798
4481
4094
2684
3992
4947
2861
3205
2955
2680
3637
2544
3873
1346
3085
3324
906
1492
742
4730
382
4673
1563
1215
1589
1194
1311
2956
3443
3097
4446
2859
2341
2892
1022
1017
1921
2283
4054
4570
355
416
3083
769
2105
4679
4563
2847
4569
813
299
798
725
1830
1159
263
3232
4013
3671
4067
4788
3263
1372
4687
2272
1791
160
1463
3337
3996
246
658
1991
4591
4602
3919
1882
2316
4823
3595
293
2882
80
1364
511
3443
4743
4307
2084
4191
3933
719
102
2854
3965
2871
1195
2494
1262
433
3621
4782
4629
3243
2763
4769
645
569
3031
1045
472
1549
3865
1841
4216
3991
2982
1127
314
3693
2331
1514
1913
602
2913
1777
1558
3029
2589
3841
3915
1877
2869
2670
4551
270
843
2826
1766
4281
3046
3799
2471
1369
4973
3692
1800
4518
1350
4863
3676
3553
2783
3862
4259
2981
1105
2579
1467
2776
681
3834
3431
205
1553
2514
1380
2435
1528
854
3179
3259
316
3273
668
2917
1897
2503
4213
517
3512
57
1026
4625
3155
986
482
4228
859
2423
234
2585
4162
2600
1178
2510
1557
4361
2985
4601
3350
1500
3275
206
4044
2849
4018
368
1872
2855
4496
1368
4192
2295
1131
750
2553
3325
3377
4831
2501
3186
1161
4350
922
3659
3799
3064
3204
2149
3864
4943
2847
4844
3155
3406
3033
1333
522
2836
2323
3803
4863
3549
67
839
566
3125
1594
261
1651
207
2928
1310
1496
1610
3084
3079
1506
374
4738
1699
104
3406
1336
3445
3586
693
779
830
4241
4678
2899
1190
2300
1703
187
507
4229
116
4061
3885
2499
1562
3952
4262
2105
4580
3158
1067
2357
1450
1924
2267
4145
4376
2253
1104
1539
3794
3622
1990
1478
3879
4619
3606
32
4353
205
4266
3893
4464
347
1636
4443
1049
1279
3263
3757
4321
3798
4114
3
1742
1154
2515
4891
3087
411
1895
4610
202
3485
3652
2745
4162
4462
3236
3005
256
3707
2627
3934
1303
3960
2928
1419
3673
3352
1146
2469
1947
3944
3487
4362
1256
4909
4055
1376
1149
2159
1422
192
1324
861
3189
1145
683
4109
1489
1078
2314
4388
1427
2544
1798
1959
678
1554
4531
2636
2422
2388
342
2909
3873
2912
3059
2167
4291
3480
1756
114
984
4184
4468
1693
234
2810
2440
502
325
793
1629
4627
2768
1582
4356
3274
799
4439
2682
437
1680
2531
1311
4043
1684
490
1893
294
1969
1511
2099
2269
4477
4303
311
2466
2773
4004
3720
3270
1241
4142
1755
2817
644
4489
814
264
3429
3032
955
2091
4981
2208
1618
2606
854
207
835
4872
3935
2510
3978
4842
3370
3035
291
848
4661
3995
2989
3464
4843
473
4648
3518
2934
193
1912
2511
3505
629
2811
3280
1737
1553
4745
2342
4716
2529
1406
1805
4394
4724
1784
3719
4762
2529
1385
3497
3207
4768
4797
3142
3775
594
2757
2793
145
2633
4908
4745
4896
4952
4735
4388
1970
80
959
4334
1847
107
24
3815
3311
2831
4199
3687
1163
1447
2984
3004
1249
1412
3920
743
862
1156
3052
1525
4840
4155
3027
4982
93
1100
3972
1373
3721
1128
864
1160
3939
1309
1597
4064
1622
1839
1828
3242
3397
4139
849
2437
204
3585
577
4194
4032
1605
1462
1866
1468
2779
3758
3248
2372
1272
1044
3004
1621
2245
1740
3979
2583
2684
4581
1935
2343
209
3876
2640
3743
2249
2444
799
2821
4426
2542
1048
737
2409
1171
1356
4363
3202
2224
1496
1256
3315
4247
4240
4918
3241
608
856
4403
588
788
3168
4838
823
1811
3493
1236
3961
4561
4140
4194
4195
4182
4879
2979
305
3482
2483
444
518
2570
12
3558
4319
494
34
3527
2758
2845
3893
241
38
277
2349
4683
4906
1812
680
3032
2822
2775
4371
3551
492
3181
3162
1815
2718
1680
1526
2650
1442
4452
421
2829
1934
410
3460
809
2580
176
1215
2458
2807
87
4695
1016
2393
1051
1518
3923
3751
2889
4161
26
4250
1110
1149
3511
2223
2584
2023
2677
2667
2493
4749
1629
4442
1770
3700
1226
1498
1763
2821
298
2853
1028
3028
1550
1780
4182
1956
1090
3129
29
2479
3709
3246
2953
3388
2674
1940
2782
767
4525
1403
1059
1593
3078
2438
3267
4755
4854
3213
54
59
1977
671
4999
335
169
1854
908
452
1919
269
2733
1964
1237
2373
4892
4574
560
3589
281
495
1604
4706
701
3607
2529
2822
4095
2493
389
1558
2513
2629
3996
4239
3116
4443
1193
2179
4483
4073
4032
837
4463
810
4744
227
3282
2862
2116
2278
2987
2091
3811
157
2094
4146
1758
1842
152
3342
3004
4135
4696
3703
4247
2457
1642
3827
4271
1411
4083
1172
373
3935
3759
1897
4788
1246
2648
3109
2089
3609
296
2297
4830
3107
4522
1383
1691
2422
3641
4237
3892
3345
2339
4171
2138
3001
4965
1253
4491
428
1904
319
2041
1884
255
279
728
3235
561
4363
4971
890
4890
3538
225
2397
977
577
2152
2191
2191
3046
3102
1696
4166
4626
4407
4301
1405
1827
1836
3005
375
1963
105
2799
3826
721
4180
1522
2504
4943
999
348
4956
441
1516
648
3126
4914
1004
1839
4457
3218
3657
4489
3753
4443
1997
757
308
150
4367
112
1205
824
1786
1392
3243
928
2256
852
4159
1470
29
1696
4628
2780
3243
484
3464
845
1149
826
2504
1818
4097
1748
3247
237
4654
1425
2405
1025
690
106
118
216
517
2217
1921
1578
1744
1791
1320
2952
4968
3229
927
4917
2268
1274
1453
422
1782
3261
342
4653
1709
4009
385
4483
2029
1031
3728
4615
2399
4580
3523
4335
1501
4488
1494
2238
1511
560
2221
715
4099
1890
3508
3896
4600
708
1594
1330
3459
3767
2038
1287
3984
2388
3992
1953
3850
3708
1771
4107
1616
1289
2138
305
396
3100
3179
2417
541
2292
698
3521
550
412
1524
3995
1095
1930
4017
2804
51
454
4808
1632
2037
4214
3868
2667
1410
4589
1402
159
1280
4411
3738
1453
4377
1069
816
3719
3650
3205
1884
1775
4393
4088
1735
3903
1448
3176
1218
1115
1032
2009
4103
667
1005
1283
1221
1641
2009
2638
2601
1484
2514
4582
233
3108
1617
1872
3009
3165
1992
4946
3625
1290
4031
1151
1641
1508
3464
4288
4437
4739
2543
2478
4247
4957
1552
2839
3992
1771
3308
3767
3530
2957
1243
4303
3179
2274
434
1585
3173
4206
334
2692
2089
354
2114
3315
3921
3447
396
2350
770
4164
1828
4836
1164
4716
4994
2439
1657
2324
662
4202
431
3568
1452
2587
4990
4383
2124
2628
4709
956
3820
4727
4164
3646
4801
1931
1906
1586
4992
1417
2186
2997
1465
2804
760
2969
914
2535
1352
3319
4404
4574
4639
1433
1644
3988
4909
3965
823
602
2836
172
4348
3774
992
4503
2873
3519
1641
2404
3749
3369
3166
4665
4288
1744
1429
3971
3826
610
4717
3662
3267
314
4598
1479
433
3303
3450
2891
854
1410
4059
2639
1485
203
2733
1231
1416
278
3010
2486
4398
3929
4214
2251
2408
974
4174
2394
1947
1785
3814
4350
4919
1240
1074
2826
3817
1808
4404
4196
279
2651
1334
3460
3970
3034
3322
54
4928
1349
448
1232
4171
3985
130
4122
1631
4832
3242
2784
1863
4472
996
2697
2959
4866
3595
292
1250
4282
4953
2641
746
4140
3142
1742
4187
722
8
655
345
1957
4448
2829
4452
178
2239
29
4096
1428
2916
2195
3414
1927
2218
3287
4486
3440
2665
2188
1608
1920
3200
806
4615
4397
4732
4864
1070
1540
358
895
3177
3574
372
1016
936
908
1826
619
423
458
2763
1266
3733
1536
4613
4338
1007
805
3721
3722
2039
4903
3432
2843
1733
2528
2857
1879
2875
4308
4883
3165
532
1194
4003
1422
4158
2264
3841
2498
3826
1864
1375
1103
3002
4944
4851
4523
3666
2969
3011
4636
1018
3549
4158
3484
2081
2309
4684
1665
4908
1158
4975
4761
4305
4294
2684
2961
1621
292
4002
2184
3325
4974
4753
3140
999
2768
68
4245
356
2764
1490
4214
4834
1997
1450
412
879
106
3554
2121
99
4422
876
4638
3737
3422
3494
2849
180
122
2662
1663
1923
3451
3989
429
4285
4399
3699
3473
869
77
447
2451
376
2083
4355
551
2564
3038
4044
4758
4820
2442
2151
1597
3425
3115
2540
3076
3422
201
532
654
3188
4665
3294
1590
799
1843
216
3894
943
927
68
3833
2308
27
3540
2566
2548
3586
3091
3364
4859
4872
313
766
2850
3799
2018
4572
3179
2908
1313
3801
2210
635
4379
4955
3259
2218
497
1291
2960
2247
846
1564
3939
2901
3732
1541
1499
4905
1765
279
2479
2191
3581
2474
1165
1914
4604
36
3896
2836
1242
1780
4970
315
668
414
4179
4677
2760
3068
487
3484
270
4439
1763
4685
2523
2533
1264
3115
3404
1760
2457
1556
1199
4588
520
1690
544
4583
1848
3211
1263
1307
4181
2018
4210
3954
3423
1773
3814
251
1947
3617
2967
3130
2890
643
4945
3899
1618
2309
608
2440
2365
1681
4820
4542
2073
3823
4010
1858
2166
307
102
4477
4639
2418
484
3512
2977
4779
4078
2843
4594
1276
3094
4483
742
1638
1910
3111
102
3628
4434
2770
4010
2512
3227
1482
497
1892
3748
2622
2566
4208
1954
2524
4972
4787
3480
1463
205
3640
493
1953
4314
616
4930
4279
3061
3426
3266
128
2157
2328
2822
1204
4041
1253
1266
2653
4758
3580
3840
1355
4458
1143
256
4425
2462
3683
2479
1664
3112
4197
3928
3101
4318
1127
1689
3963
1351
2323
3447
4331
813
938
374
3993
1048
3654
4701
4514
3463
525
3916
3971
2829
589
938
4530
628
399
1728
671
3817
1226
3818
2674
343
682
2356
556
1654
4936
4555
994
2416
3012
4040
1066
672
4602
2487
3328
1228
2707
3019
4005
746
52
4791
4830
2523
2684
4280
1103
4676
2925
3076
2050
1910
4248
4383
4174
555
4155
1205
4517
1722
4026
4675
1801
859
390
1799
2277
2020
4855
1197
2147
175
113
591
2201
1853
2821
2594
3710
317
4536
4521
2186
4914
3956
2521
4474
3729
813
4074
1237
4758
1503
3769
3607
287
1706
447
3499
121
2968
2090
34
3172
772
1484
2129
2735
4536
3971
1103
4770
1439
356
4477
4059
263
331
1681
503
3569
1465
250
733
1982
2593
694
2781
4728
389
1686
1754
1528
3476
413
4818
1800
2867
2182
1452
2614
4501
3458
4526
4611
2619
2116
3967
1722
2320
3339
4857
1740
4336
1926
4918
2189
2477
3163
3235
1519
1737
4820
4602
3747
1684
1512
2346
2237
1369
3900
2389
190
3015
1035
1753
3198
792
2421
1149
48
3436
3795
1921
4304
3287
2820
4358
4904
4387
3503
1276
4698
4436
2607
301
3775
1691
4280
4270
3119
3653
3188
1456
4610
1335
2209
4099
112
3916
4319
1571
1099
3450
988
2945
562
3928
3841
4780
250
3305
3137
1329
3623
1362
4009
3041
3045
4246
4663
937
911
1305
160
4447
3810
2662
130
2026
1625
668
4004
440
4385
1685
1147
4026
1401
782
628
112
1927
2116
3504
2020
1156
3023
2668
1312
2947
2857
1185
2094
2904
3514
4559
907
110
4870
3221
1090
627
3258
1628
3554
525
15
1660
3543
3615
134
3344
4099
3792
4080
267
4378
1069
1017
3876
4934
3940
3702
3645
1752
1833
4503
1255
1006
3582
788
4176
3968
773
958
3762
2289
4798
4694
2267
4623
2671
4099
1034
2120
260
716
1078
4002
1669
1436
3979
4595
2042
529
99
1304
1514
3638
4462
73
684
1465
4971
1527
137
4427
2740
4750
1802
3044
472
3288
297
1847
2506
2646
3386
174
2149
3683
1515
1425
4205
923
1562
652
1214
4100
4276
2495
2911
222
3053
3815
3255
3479
3295
3973
3569
3226
122
1326
2147
1116
3321
899
3154
1630
774
3180
3297
2994
2530
587
3475
986
31
4536
110
3973
861
3202
4179
577
475
2181
558
305
1470
325
4565
2028
3710
920
690
2443
4741
1421
1255
2837
2326
186
63
1956
4223
3472
3398
2101
1834
1074
3784
3800
3015
1728
4976
3597
2773
132
2501
4091
3772
1130
4905
3007
1385
1356
862
2649
526
819
146
1940
4485
1042
1641
3841
667
2335
1061
931
3916
4894
2433
2858
3599
2631
284
1754
891
4605
2275
550
2917
525
351
2305
1355
1469
4555
1165
1273
3634
4594
1692
2366
1742
872
2943
4778
2274
2472
3749
4318
1435
3859
3101
1011
1107
4946
4248
1185
381
324
3196
2330
455
2513
0
1625
3233
1521
3007
4357
4529
3966
2229
4880
4320
1394
3514
1910
3984
2330
1315
4637
2406
3197
1731
3553
4407
3023
384
1579
2948
2181
4901
350
4307
423
2721
294
89
4153
1529
3862
299
2287
1020
4436
3908
4256
3003
3046
3776
3490
424
514
383
2706
1248
3010
1847
1714
2980
1574
3019
3995
3011
2529
3878
865
201
2529
1855
1982
3097
651
4577
2537
4053
4045
618
4931
82
3830
3909
2019
1385
4731
4234
3365
2676
2918
2924
3856
1103
3940
2210
1358
1123
821
1372
1924
2414
2493
2901
1865
1927
339
4472
4462
2168
4149
4458
750
3989
800
4232
107
3610
1481
4406
2821
2347
637
4619
3530
1858
1199
2736
1522
4760
1391
2942
790
2412
1692
200
4337
1806
1052
1625
1199
2353
4624
1545
207
2359
3595
386
4524
338
1365
2866
512
3515
1854
3301
2469
1391
843
1545
4299
